8 0.69276 0.85385 0.07537 0.13703
8 0.7723 0.85601 0.07909 0.14399
8 0.77336 0.70455 0.07696 0.13703
8 0.69214 0.70604 0.0798 0.14532
8 0.61048 0.70388 0.07466 0.1357
8 0.8521 0.85733 0.08051 0.1493
8 0.85246 0.70737 0.07696 0.13935
8 0.9311 0.70189 0.07466 0.14234
8 0.92969 0.85335 0.07466 0.1493
8 0.37586 0.85451 0.07821 0.13835
8 0.45194 0.85252 0.07537 0.13968
8 0.05959 0.84837 0.07093 0.14798
8 0.13682 0.85252 0.07891 0.14499
8 0.21546 0.84987 0.0798 0.13968
8 0.05551 0.25531 0.07909 0.14234
8 0.85689 0.25531 0.07696 0.15096
8 0.77673 0.10534 0.08051 0.14101
8 0.93625 0.10119 0.07466 0.14399
8 0.93598 0.249 0.0798 0.15494
8 0.29314 0.25597 0.07838 0.14632
8 0.37143 0.25332 0.07821 0.15494
8 0.13362 0.4066 0.07679 0.15229