4 0.76603 0.07901 0.01442 0.01259
3 0.77454 0.08278 0.00747 0.00881
0 0.17402 0.13771 0.00782 0.01228
0 0.17758 0.15927 0.00591 0.0107
0 0.16247 0.16887 0.0066 0.01165
0 0.10321 0.16242 0.00452 0.01007
2 0.30278 0.28155 0.00747 0.02172
0 0.25126 0.30784 0.00626 0.00818
0 0.17289 0.30485 0.00556 0.00913
0 0.09887 0.24363 0.0066 0.00567
0 0.13579 0.19972 0.00504 0.00724
3 0.17428 0.06043 0.00521 0.01259
2 0.23232 0.08058 0.00765 0.02455
2 0.3391 0.09002 0.00817 0.01952
2 0.31668 0.11788 0.00573 0.02109
2 0.25552 0.10702 0.00539 0.02581
0 0.40235 0.0927 0.00504 0.0085
0 0.36664 0.16981 0.00591 0.00913
2 0.41208 0.1119 0.00539 0.02235
0 0.57194 0.14526 0.00886 0.01542
2 0.59279 0.08939 0.00539 0.01826
0 0.71616 0.12512 0.00886 0.01416
2 0.71555 0.15958 0.00765 0.02518
2 0.76238 0.19279 0.00956 0.01479
2 0.82963 0.10214 0.00817 0.02109
0 0.82867 0.08357 0.00452 0.00661
2 0.83997 0.13472 0.0073 0.02329
2 0.78619 0.32845 0.00921 0.02613
0 0.73675 0.26519 0.00834 0.00976
2 0.69453 0.26708 0.0073 0.01542
2 0.5298 0.24237 0.00765 0.02014
2 0.63145 0.24835 0.0066 0.01952
2 0.56681 0.26157 0.00765 0.017
2 0.49166 0.32546 0.00886 0.02455
2 0.46586 0.31791 0.00799 0.0214
0 0.47819 0.24032 0.0066 0.01039
2 0.40964 0.23088 0.00608 0.01983
0 0.39939 0.23985 0.00573 0.00818
2 0.28532 0.35175 0.00938 0.01416
2 0.19114 0.40227 0.00765 0.017
0 0.10539 0.47104 0.00851 0.01039
2 0.17472 0.38779 0.00643 0.01448
2 0.3344 0.48096 0.00678 0.01322
2 0.31903 0.42666 0.00695 0.01983
0 0.24196 0.37378 0.00504 0.00913
0 0.40678 0.35914 0.00487 0.0063
0 0.43293 0.38432 0.00469 0.00881
2 0.44431 0.43925 0.0066 0.02109
2 0.50756 0.36874 0.00904 0.02801
2 0.51486 0.46097 0.00973 0.01983
2 0.52554 0.41549 0.00782 0.02077
2 0.5437 0.36465 0.00626 0.01605
2 0.56742 0.44586 0.00747 0.01605
2 0.68332 0.44932 0.00886 0.02172
2 0.62346 0.37913 0.0066 0.01794
2 0.6576 0.42178 0.00539 0.02077
3 0.87263 0.38889 0.00765 0.01668
2 0.82242 0.56122 0.00765 0.01763
2 0.86785 0.56421 0.00747 0.02046
2 0.72207 0.61725 0.00921 0.02014
2 0.7755 0.53966 0.00973 0.02298
2 0.15135 0.58719 0.00765 0.01857
2 0.37281 0.54533 0.00643 0.02046
2 0.35812 0.54234 0.00591 0.01889
6 0.39401 0.62323 0.00817 0.01511
2 0.53692 0.57853 0.00799 0.01952
2 0.47072 0.57476 0.00765 0.01322
2 0.48445 0.57287 0.00591 0.01574
3 0.54179 0.54344 0.02711 0.05319
3 0.56507 0.60607 0.01981 0.04249
2 0.61303 0.5831 0.00417 0.01731
2 0.61451 0.56059 0.00573 0.01196
0 0.68914 0.64164 0.0066 0.01039
2 0.64075 0.55398 0.00573 0.017
0 0.85856 0.62417 0.0073 0.01196
0 0.76751 0.61725 0.0073 0.01196
3 0.10104 0.74489 0.01268 0.03053
6 0.13093 0.74504 0.00747 0.01007
6 0.18184 0.75999 0.00608 0.00724
6 0.25039 0.75811 0.00487 0.00661
6 0.31694 0.73906 0.0066 0.00881
6 0.16142 0.67705 0.00626 0.00818
6 0.39392 0.66006 0.00834 0.01196
6 0.39114 0.70286 0.00556 0.0107
6 0.53979 0.73151 0.00365 0.0063
2 0.71529 0.73717 0.00747 0.02077
2 0.83119 0.68791 0.00817 0.02298
0 0.86725 0.67076 0.00452 0.01133
2 0.2503 0.68445 0.00886 0.02109
2 0.46742 0.78927 0.01077 0.01542
6 0.34657 0.83066 0.03076 0.11772
0 0.17281 0.78628 0.00608 0.01196
0 0.11668 0.75543 0.00504 0.0107
2 0.21798 0.82153 0.01025 0.0214
0 0.50643 0.8146 0.00643 0.01448
0 0.52919 0.91769 0.00747 0.01416
0 0.4371 0.91202 0.00712 0.0085
2 0.46012 0.81287 0.0073 0.01416
2 0.6179 0.83837 0.00695 0.01731
2 0.56838 0.81838 0.00626 0.02518
3 0.59644 0.84498 0.00956 0.01794
2 0.46073 0.6108 0.01095 0.02046
8 0.13119 0.1215 0.07854 0.14857
8 0.20938 0.12339 0.07507 0.14731
8 0.28723 0.12213 0.07785 0.14227
8 0.28653 0.27447 0.07924 0.14479
8 0.20695 0.26629 0.07437 0.14101
8 0.12911 0.2644 0.07715 0.14479
8 0.51937 0.27573 0.07368 0.14227
8 0.84083 0.14101 0.07993 0.14731
8 0.83666 0.43626 0.07576 0.15109
8 0.83145 0.57539 0.08341 0.13975
8 0.75187 0.71892 0.07576 0.12716
8 0.75291 0.5779 0.07646 0.13724
8 0.8384 0.28455 0.07924 0.14227
8 0.75986 0.28706 0.08063 0.14479
8 0.76229 0.13975 0.0841 0.1599
8 0.20243 0.83664 0.07924 0.13094
8 0.59513 0.5735 0.07646 0.13598
8 0.12876 0.41423 0.07785 0.13724
8 0.68028 0.28706 0.07576 0.14227
8 0.12737 0.54769 0.07646 0.15486
8 0.44083 0.4243 0.08202 0.15234
8 0.36038 0.70648 0.07993 0.14699
8 0.12467 0.83129 0.0742 0.14479
8 0.12354 0.69374 0.07646 0.1385
8 0.20634 0.55855 0.08219 0.1407
8 0.20226 0.68964 0.08097 0.13409