8 0.19352 0.13914 0.16168 0.13965
8 0.67501 0.13405 0.16004 0.13354
7 0.16277 0.16259 0.01415 0.07645
3 0.17392 0.23853 0.01252 0.01835
3 0.17202 0.25739 0.01306 0.02345
7 0.04899 0.10652 0.00762 0.02548
7 0.05416 0.67278 0.01361 0.02854
7 0.2074 0.86544 0.02286 0.02039
7 0.2251 0.73904 0.01034 0.01835
7 0.24932 0.70336 0.03048 0.06728
7 0.33615 0.13863 0.01252 0.03058
7 0.362 0.72426 0.01089 0.02548
7 0.36391 0.86035 0.0147 0.0265
7 0.38432 0.84862 0.01742 0.0316
7 0.40773 0.74618 0.02069 0.03262
7 0.4932 0.12436 0.01089 0.02243
7 0.5 0.1789 0.01143 0.02141
5 0.47686 0.13965 0.01742 0.14679
7 0.49456 0.26147 0.01034 0.01937
5 0.45455 0.36086 0.04028 0.03058
7 0.6135 0.72273 0.0098 0.0265
7 0.6497 0.72783 0.01361 0.03058
7 0.7896 0.74465 0.01143 0.0316
7 0.83097 0.70591 0.01361 0.02956
0 0.78116 0.40112 0.03484 0.05403
0 0.93631 0.10754 0.01524 0.06626
7 0.92406 0.29307 0.01361 0.04179
7 0.93794 0.55708 0.01089 0.02141
0 0.93958 0.87462 0.02177 0.14271
6 0.33506 0.28542 0.04192 0.14475
2 0.3141 0.64781 0.07948 0.29664
8 0.39657 0.73089 0.08002 0.13863
8 0.7975 0.86901 0.0773 0.14169
8 0.47795 0.35729 0.08165 0.29867
0 0.05389 0.87054 0.01851 0.1366
0 0.09608 0.79664 0.02559 0.2844
2 0.28851 0.28644 0.02722 0.13456
2 0.29396 0.14271 0.02831 0.13863
2 0.25504 0.57849 0.0245 0.14373
2 0.25558 0.42661 0.02885 0.12742
2 0.25313 0.29103 0.02831 0.13354
5 0.71747 0.57798 0.07186 0.13456
0 0.97768 0.50866 0.02722 0.87462
8 0.23898 0.72528 0.07948 0.43323
8 0.63555 0.7263 0.07567 0.13965