5 0.11956 0.14 0.01897 0.13493
5 0.19644 0.14478 0.01287 0.13015
8 0.15953 0.14418 0.05961 0.13612
2 0.31296 0.42358 0.05216 0.14806
5 0.11854 0.41463 0.01558 0.13254
5 0.04911 0.81522 0.00813 0.1194
5 0.05013 0.55015 0.00881 0.13373
5 0.04843 0.68567 0.00813 0.14209
5 0.05148 0.41463 0.00881 0.1397
5 0.0525 0.2791 0.00677 0.1409
5 0.05318 0.14358 0.00271 0.12537
5 0.27197 0.14418 0.01626 0.13134
5 0.34818 0.14776 0.01016 0.1409
5 0.4271 0.15015 0.01355 0.14328
5 0.50296 0.15134 0.00677 0.12896
5 0.66283 0.16209 0.0149 0.13612
5 0.74174 0.1597 0.01423 0.1194
5 0.81998 0.16507 0.01355 0.13493
5 0.89653 0.16388 0.01761 0.13493
5 0.89551 0.30358 0.01152 0.13731
5 0.88637 0.85224 0.00813 0.13134
5 0.88603 0.7209 0.01016 0.1409
5 0.89179 0.58537 0.01219 0.13731
5 0.89314 0.44269 0.00813 0.13373
5 0.81897 0.3006 0.00881 0.13134
5 0.1934 0.69104 0.01219 0.13134
5 0.19441 0.82418 0.01287 0.13015
5 0.11719 0.82299 0.01558 0.13015
5 0.11753 0.68985 0.01355 0.13851
5 0.11888 0.55313 0.0149 0.14209
5 0.19746 0.2797 0.01355 0.13731
5 0.80847 0.84806 0.00948 0.12299
5 0.72955 0.84985 0.00881 0.12418
5 0.80914 0.71552 0.00948 0.14448
5 0.81592 0.4397 0.00677 0.14209
5 0.81287 0.57582 0.01016 0.13254
5 0.34886 0.42358 0.01423 0.1409
5 0.7326 0.71612 0.01084 0.13134
5 0.73497 0.57821 0.01016 0.13493
5 0.73531 0.4409 0.01084 0.14448
5 0.73836 0.29761 0.00745 0.13731
5 0.66113 0.29284 0.01423 0.13254
5 0.58425 0.15313 0.01355 0.12776
5 0.58357 0.29403 0.01355 0.13015
5 0.58052 0.43313 0.01558 0.13373
5 0.58052 0.57104 0.01558 0.12299
5 0.57578 0.70657 0.01287 0.13373
5 0.57612 0.8403 0.01761 0.13134
5 0.49992 0.83731 0.01152 0.12537
5 0.42506 0.83493 0.01219 0.13493
5 0.34513 0.82836 0.01355 0.13612
5 0.27028 0.82418 0.01829 0.13254
5 0.2696 0.69104 0.01558 0.12896
5 0.27096 0.55851 0.01423 0.13134
5 0.42337 0.42716 0.01016 0.13851
5 0.35292 0.28567 0.00881 0.13493
5 0.27468 0.28209 0.01219 0.14209
2 0.15986 0.41403 0.0508 0.1409
5 0.1961 0.41821 0.00948 0.13493
2 0.22557 0.4194 0.03455 0.14209
5 0.2696 0.42418 0.01287 0.13731
2 0.2293 0.5591 0.04742 0.13731
2 0.15749 0.55672 0.04877 0.13731
5 0.95783 0.85522 0.0061 0.13015
5 0.95817 0.72149 0.01084 0.13493
5 0.96427 0.44269 0.00948 0.13134
5 0.96765 0.30478 0.00813 0.14448
5 0.96732 0.16806 0.01287 0.13851
5 0.50229 0.43015 0.00948 0.13015
5 0.50432 0.29642 0.00948 0.14448
5 0.42608 0.29403 0.00881 0.14209
4 0.36308 0.88746 0.01558 0.03224
0 0.39627 0.64567 0.01287 0.02627
5 0.34581 0.69582 0.01355 0.13134
5 0.50025 0.67552 0.01084 0.13612
5 0.65436 0.70836 0.01558 0.13731
5 0.65809 0.57284 0.01355 0.13851
5 0.65673 0.43612 0.01219 0.1397
5 0.65334 0.84567 0.01355 0.13015
5 0.42608 0.56388 0.01287 0.13493
5 0.42472 0.7006 0.01152 0.1409
5 0.34649 0.56269 0.01355 0.1397