3 0.05433 0.13405 0.01269 0.14169
2 0.09432 0.13507 0.00993 0.02141
2 0.08908 0.1789 0.00496 0.01937
2 0.14589 0.1106 0.00607 0.02141
2 0.13872 0.17992 0.01269 0.02141
2 0.16161 0.11264 0.00772 0.02345
2 0.17485 0.15647 0.00662 0.02345
3 0.21539 0.13201 0.01158 0.13558
3 0.25593 0.13405 0.01213 0.14169
3 0.29261 0.13354 0.00607 0.14067
7 0.31853 0.11213 0.00938 0.02039
3 0.37645 0.13558 0.00827 0.14067
3 0.41699 0.13252 0.01103 0.13863
3 0.45615 0.13354 0.00662 0.14067
2 0.48924 0.10652 0.00662 0.02141
8 0.5342 0.13201 0.04137 0.13965
8 0.57446 0.13456 0.03916 0.14475
0 0.60976 0.12232 0.01158 0.11417
0 0.65168 0.10245 0.01158 0.07645
2 0.6856 0.17941 0.00993 0.02446
0 0.73166 0.12793 0.01048 0.12538
0 0.77055 0.12895 0.01213 0.12742
0 0.81164 0.13201 0.01379 0.13354
8 0.85687 0.1366 0.04026 0.14067
8 0.89768 0.13609 0.04026 0.13761
3 0.93464 0.12895 0.01158 0.12742
3 0.97435 0.13456 0.00717 0.1366
3 0.04881 0.29766 0.00717 0.11009
2 0.03889 0.3318 0.00717 0.01937
2 0.10563 0.30938 0.00827 0.02141
3 0.12769 0.2946 0.01158 0.10805
3 0.24628 0.28287 0.00496 0.13965
2 0.32681 0.23242 0.00717 0.02446
2 0.32598 0.25994 0.00552 0.01835
2 0.32515 0.28186 0.00607 0.02141
2 0.32763 0.30938 0.00662 0.02141
2 0.32708 0.33282 0.00552 0.01733
7 0.38114 0.25943 0.01213 0.01937
3 0.45146 0.27574 0.00496 0.12538
3 0.48952 0.28644 0.00607 0.14271
0 0.52923 0.23904 0.0171 0.02956
2 0.54909 0.32671 0.00496 0.02141
2 0.69994 0.34404 0.00662 0.01529
0 0.72642 0.31295 0.00883 0.02243
0 0.73855 0.21764 0.01434 0.01529
3 0.81908 0.33486 0.00883 0.01529
3 0.76503 0.34353 0.01103 0.01835
8 0.89713 0.2844 0.04247 0.14475
3 0.94126 0.28287 0.01048 0.14169
7 0.13486 0.48981 0.00717 0.01529
7 0.12796 0.40469 0.00662 0.01835
3 0.1743 0.42813 0.00772 0.13863
3 0.21897 0.43068 0.00993 0.14169
7 0.36018 0.37971 0.00883 0.01733
2 0.42719 0.40571 0.00717 0.02446
2 0.41506 0.42966 0.00496 0.02345
2 0.43878 0.43017 0.00607 0.02446
2 0.45505 0.43068 0.00441 0.02345
2 0.45532 0.40265 0.00607 0.01631
3 0.49641 0.42915 0.00662 0.14271
2 0.47849 0.47604 0.00496 0.01835
3 0.69222 0.4475 0.00662 0.0999
7 0.77965 0.41386 0.01048 0.02243
3 0.85438 0.42813 0.01213 0.13863
3 0.89162 0.4317 0.00938 0.13965
3 0.97215 0.42406 0.00827 0.12436
3 0.94126 0.57696 0.00717 0.14067
7 0.85025 0.56269 0.00496 0.01019
2 0.77634 0.62538 0.00938 0.02345
3 0.3668 0.57594 0.00993 0.14271
2 0.33094 0.52803 0.00993 0.02243
2 0.33094 0.57951 0.00772 0.02752
3 0.20905 0.57645 0.00772 0.13965
7 0.04247 0.55199 0.01655 0.03772
2 0.13789 0.57238 0.00883 0.02141
2 0.05074 0.77217 0.00883 0.02548
3 0.09542 0.72426 0.00772 0.13965
3 0.17568 0.72579 0.00717 0.14067
7 0.23911 0.75841 0.00607 0.01223
2 0.29371 0.70031 0.01048 0.02446
2 0.29454 0.72579 0.00883 0.01835
3 0.37672 0.7263 0.00772 0.14373
2 0.49614 0.70082 0.00717 0.02141
2 0.5091 0.72477 0.00662 0.02446
7 0.57474 0.72273 0.01324 0.01835
7 0.81081 0.70489 0.00993 0.01733
3 0.97601 0.72732 0.01048 0.13761
3 0.69967 0.88022 0.00938 0.10499
3 0.5775 0.87462 0.01213 0.14271
3 0.53999 0.8736 0.00993 0.14271
3 0.48814 0.87309 0.00772 0.14169
3 0.44953 0.87462 0.00993 0.13863
2 0.35935 0.92304 0.00717 0.02548
3 0.16602 0.87258 0.00883 0.14271
7 0.14065 0.92508 0.00883 0.02345
2 0.12796 0.86137 0.00993 0.02243