7 0.08519 0.09888 0.0245 0.04689
7 0.13337 0.73853 0.01851 0.04791
7 0.22863 0.57339 0.01089 0.03568
7 0.44638 0.14016 0.01633 0.05607
7 0.56505 0.30989 0.01306 0.03058
7 0.69053 0.23496 0.02667 0.04791
7 0.75231 0.17074 0.01306 0.02752
7 0.62194 0.90061 0.01796 0.03568
7 0.816 0.90265 0.01415 0.03772
7 0.9393 0.17788 0.01579 0.03364
0 0.08955 0.73904 0.02885 0.09786
10 0.33506 0.43323 0.03865 0.14883
0 0.41698 0.43119 0.04028 0.12844
0 0.37153 0.4261 0.03865 0.11213
0 0.21448 0.74873 0.03702 0.10296
0 0.49701 0.88073 0.03702 0.1264
0 0.37888 0.60092 0.03375 0.08869
0 0.57512 0.13558 0.03538 0.13456
0 0.41862 0.579 0.03266 0.10194
0 0.41671 0.88073 0.04083 0.11009
0 0.53566 0.72885 0.03375 0.13252
0 0.62058 0.70948 0.03919 0.10194
0 0.97959 0.88838 0.04083 0.12742
0 0.98095 0.13456 0.01851 0.14475
0 0.97115 0.57849 0.03048 0.0948
0 0.69134 0.57288 0.02613 0.10805
0 0.85438 0.57798 0.02667 0.14271
8 0.71747 0.87564 0.16113 0.14883
8 0.23598 0.14067 0.08002 0.14475
8 0.23326 0.43374 0.08111 0.15392
7 0.39657 0.72069 0.23353 0.1366
7 0.7221 0.37462 0.0626 0.20897
7 0.70223 0.1371 0.04137 0.12742
7 0.07648 0.56881 0.07784 0.09786
7 0.84458 0.43578 0.06587 0.0948
7 0.57567 0.42864 0.03212 0.13558
7 0.55634 0.59327 0.07077 0.08563
7 0.29369 0.88124 0.03321 0.12946
7 0.56151 0.86748 0.05934 0.11621
7 0.29559 0.42049 0.03484 0.12538