2 0.12711 0.12748 0.05334 0.06169
2 0.18949 0.65455 0.02693 0.05005
7 0.2907 0.88779 0.03406 0.05005
7 0.61729 0.66745 0.02589 0.03242
7 0.64874 0.6887 0.02276 0.0491
7 0.82737 0.20617 0.02276 0.02833
4 0.20452 0.4542 0.07368 0.05729
4 0.35847 0.53714 0.05456 0.08026
7 0.3609 0.24016 0.04448 0.07177
7 0.35317 0.33019 0.03666 0.04218
2 0.749 0.83994 0.07142 0.09285
7 0.37541 0.09396 0.05613 0.05949
7 0.80443 0.40793 0.02415 0.04029
7 0.85856 0.39849 0.01633 0.03148
3 0.82815 0.7718 0.0636 0.04721