9 0.45659 0.70793 0.08128 0.14815
9 0.77444 0.42268 0.08232 0.15854
8 0.07305 0.2552 0.0747 0.15237
8 0.46083 0.27339 0.07903 0.14847
8 0.49662 0.5627 0.30867 0.1501
8 0.81014 0.57797 0.31629 0.17284
8 0.1896 0.40741 0.31196 0.15205
5 0.18631 0.83756 0.01768 0.1293
6 0.37773 0.84812 0.07851 0.14587
5 0.26447 0.84113 0.02045 0.1358
0 0.26872 0.60819 0.01438 0.03184
6 0.53865 0.27128 0.07799 0.1475
3 0.56109 0.86144 0.00815 0.11209
3 0.7344 0.08122 0.00815 0.03639
6 0.69428 0.43925 0.07764 0.11176
8 0.19177 0.56043 0.30416 0.15724