5 0.57917 0.56746 0.01558 0.14209
5 0.42134 0.70179 0.01423 0.13851
5 0.11854 0.14358 0.01693 0.14209
5 0.04979 0.27552 0.00948 0.13612
5 0.04843 0.54896 0.00677 0.12896
5 0.04877 0.81821 0.00745 0.12537
5 0.11854 0.8206 0.01423 0.13493
5 0.11787 0.68627 0.01423 0.13612
5 0.11956 0.55254 0.01626 0.13851
5 0.11719 0.41582 0.01423 0.1397
5 0.11753 0.28269 0.0149 0.13134
5 0.1934 0.14597 0.0149 0.13731
5 0.20254 0.2809 0.01287 0.13015
5 0.1934 0.41761 0.0149 0.14328
5 0.19475 0.55672 0.01355 0.12537
5 0.19407 0.68806 0.0149 0.14209
5 0.19373 0.82657 0.01423 0.13493
5 0.27265 0.14836 0.0149 0.1397
5 0.27333 0.28507 0.01355 0.12896
5 0.34716 0.14836 0.01761 0.1397
5 0.42472 0.15075 0.01287 0.14209
5 0.49992 0.15433 0.00881 0.13493
5 0.58019 0.15552 0.0149 0.14209
5 0.81592 0.16328 0.01219 0.1409
5 0.89483 0.16687 0.01152 0.13373
5 0.96596 0.16627 0.00881 0.13731
5 0.96257 0.44209 0.00881 0.13731
5 0.65809 0.15791 0.01084 0.13493
5 0.73565 0.15672 0.01152 0.13493
5 0.81761 0.3006 0.01423 0.13851
5 0.89348 0.30418 0.01152 0.13373
5 0.7387 0.29701 0.01084 0.13851
5 0.66317 0.29642 0.01016 0.13493
5 0.58222 0.29522 0.01084 0.13493
5 0.50974 0.29284 0.01355 0.13731
5 0.42981 0.29164 0.01219 0.13731
5 0.35732 0.28925 0.01761 0.13493
5 0.34649 0.42716 0.0149 0.1409
5 0.27197 0.41881 0.01084 0.13134
5 0.42472 0.42776 0.01287 0.13493
5 0.73565 0.4409 0.01152 0.14448
5 0.81321 0.43851 0.01084 0.13015
5 0.89179 0.43731 0.00948 0.13731
4 0.58764 0.89761 0.02574 0.02627
5 0.8061 0.84806 0.01152 0.12776
5 0.88637 0.85284 0.01355 0.12299
5 0.50059 0.56687 0.01287 0.13373
5 0.42303 0.56448 0.01219 0.1409
5 0.65436 0.57045 0.01558 0.1409
5 0.27096 0.55612 0.01152 0.13851
5 0.42269 0.83612 0.01423 0.12537
5 0.26926 0.83134 0.01897 0.13493
5 0.34581 0.69701 0.00948 0.13612
5 0.27062 0.69164 0.00948 0.13493
5 0.4989 0.70239 0.00948 0.13493
0 0.92701 0.10657 0.01897 0.02507
2 0.8569 0.71552 0.03048 0.1397
2 0.76986 0.72746 0.01084 0.11104
2 0.69128 0.71373 0.05013 0.12179
0 0.68789 0.86716 0.04471 0.10149