4 0.05426 0.11911 0.07838 0.14798
4 0.21396 0.11679 0.08104 0.14267
4 0.30599 0.08096 0.05515 0.08029
4 0.40583 0.17551 0.0172 0.02787
4 0.53556 0.11082 0.08157 0.15129
4 0.69773 0.1065 0.08353 0.14665
4 0.76388 0.30259 0.04877 0.05508
4 0.29473 0.41622 0.07945 0.14499
4 0.37516 0.41722 0.08104 0.14698
4 0.561 0.35302 0.03139 0.03119
4 0.77895 0.40826 0.08033 0.14831
4 0.69782 0.56271 0.08051 0.1493
4 0.53591 0.53135 0.08157 0.03948
4 0.43332 0.62376 0.03458 0.03716
4 0.295 0.57001 0.08246 0.14731
4 0.37507 0.52339 0.0798 0.06072
4 0.45558 0.71831 0.08122 0.14665
3 0.53103 0.71384 0.06934 0.07266
4 0.85955 0.71301 0.07909 0.14731
4 0.93846 0.70952 0.07767 0.14565
4 0.91071 0.91689 0.02571 0.03749
4 0.6158 0.86314 0.08069 0.143
4 0.29837 0.86911 0.08175 0.14366
4 0.14018 0.86795 0.08246 0.14599