6 0.93903 0.41075 0.01456 0.03403
5 0.1221 0.48299 0.02168 0.82328
5 0.19958 0.48433 0.02117 0.83075
5 0.27409 0.14925 0.02083 0.13612
5 0.35241 0.14761 0.02032 0.14119
5 0.35072 0.68955 0.02439 0.40537
5 0.42625 0.76746 0.01727 0.26269
5 0.5022 0.83791 0.01778 0.13015
5 0.58171 0.43582 0.01592 0.13015
5 0.57959 0.77239 0.02117 0.27433
5 0.54555 0.35612 0.07909 0.02567
5 0.50601 0.22552 0.01795 0.27373
5 0.42743 0.14716 0.02269 0.13373
5 0.58434 0.22687 0.01846 0.2794
5 0.66291 0.22791 0.02015 0.2803
5 0.65368 0.84254 0.01693 0.1394
5 0.7315 0.84627 0.02117 0.13015
5 0.81016 0.63612 0.02506 0.54388
5 0.89577 0.29642 0.01744 0.4006
5 0.88942 0.77731 0.01795 0.26448
5 0.73345 0.71224 0.02506 0.12597
5 0.74352 0.1597 0.01778 0.13851
5 0.82066 0.22851 0.01795 0.26955