3 0.12493 0.05309 0.0172 0.02522
5 0.08814 0.09954 0.01702 0.05508
0 0.27549 0.05342 0.00763 0.0146
0 0.26716 0.0642 0.00798 0.01161
0 0.20225 0.15644 0.01011 0.01294
0 0.22451 0.11729 0.00922 0.0136
0 0.3263 0.05342 0.00851 0.01858
0 0.39324 0.04446 0.00656 0.00929
0 0.40654 0.09406 0.00621 0.01095
0 0.39519 0.16158 0.00656 0.01327
0 0.35059 0.1644 0.00851 0.01029
0 0.40539 0.10999 0.00603 0.00962
0 0.40211 0.09091 0.00585 0.0073
0 0.46436 0.08046 0.00621 0.0136
0 0.33614 0.14831 0.00656 0.00664
0 0.83791 0.05906 0.00851 0.01593
0 0.88748 0.1508 0.00798 0.01161
0 0.88713 0.16954 0.00656 0.0073
0 0.86957 0.0292 0.0055 0.00664
0 0.13495 0.18928 0.00816 0.01958
0 0.67503 0.23324 0.00798 0.00929
0 0.75519 0.35849 0.01117 0.02024
0 0.91115 0.21417 0.01241 0.01891
0 0.93775 0.30209 0.00851 0.01294
0 0.95026 0.29147 0.00727 0.01294
0 0.94955 0.27123 0.00727 0.01161
0 0.96799 0.33394 0.00727 0.01161
0 0.90539 0.33726 0.00833 0.01095
2 0.86718 0.23507 0.00922 0.02289
2 0.21954 0.29977 0.00851 0.01958
8 0.05648 0.10202 0.07466 0.14366
8 0.13469 0.10169 0.07785 0.15428
8 0.2128 0.10219 0.0798 0.1493
8 0.21413 0.25846 0.07821 0.15129
8 0.29296 0.25382 0.08051 0.14997
8 0.37427 0.25149 0.08211 0.1493
8 0.45318 0.25066 0.07927 0.15229
8 0.53281 0.25365 0.08069 0.15362
8 0.61376 0.25265 0.08051 0.15362
8 0.69472 0.24851 0.08069 0.15063
8 0.77647 0.251 0.0814 0.15295
8 0.85733 0.25017 0.08211 0.15727
8 0.9374 0.24834 0.08016 0.15362
8 0.77753 0.10036 0.08211 0.14433
8 0.5344 0.10385 0.08211 0.14997
8 0.05684 0.40328 0.07785 0.14565
0 0.108 0.44111 0.00958 0.01095
8 0.13424 0.40129 0.0798 0.14499
8 0.21493 0.40295 0.08264 0.15362
8 0.29376 0.40461 0.08069 0.1503
8 0.37356 0.40461 0.0814 0.15295
0 0.69667 0.41689 0.01188 0.02024
0 0.79128 0.41656 0.00922 0.0136
0 0.57776 0.35949 0.00851 0.01958
0 0.5712 0.39615 0.00567 0.01393
0 0.42543 0.4421 0.00638 0.01161
0 0.45389 0.38288 0.00692 0.0146
0 0.49282 0.42137 0.00426 0.0146
0 0.80422 0.35053 0.00426 0.00763
0 0.82887 0.36695 0.00674 0.01194
0 0.95691 0.39565 0.00745 0.01692
0 0.90246 0.38006 0.00461 0.00829
0 0.96781 0.39267 0.00621 0.01294
0 0.89351 0.44244 0.00479 0.01095
0 0.56827 0.33859 0.00833 0.01095
0 0.57758 0.34141 0.00426 0.00597
8 0.06038 0.70173 0.07856 0.14267
8 0.13673 0.70289 0.07945 0.14234
8 0.21493 0.70173 0.07874 0.14731
8 0.29456 0.70255 0.07909 0.15163
8 0.37684 0.70886 0.08016 0.15362
8 0.53068 0.70405 0.08104 0.14997
8 0.61199 0.7072 0.07874 0.15229
8 0.69321 0.55441 0.0798 0.15063
8 0.77372 0.55242 0.07661 0.14731
8 0.85405 0.55458 0.08016 0.15428
8 0.9343 0.55358 0.07643 0.15627
8 0.93252 0.70471 0.07821 0.15129
8 0.05941 0.85186 0.07838 0.14433
8 0.21662 0.8507 0.0814 0.14333
8 0.29198 0.84954 0.08246 0.13703
6 0.32905 0.81403 0.01153 0.07001
6 0.3451 0.8633 0.01809 0.07233
8 0.37471 0.85186 0.0798 0.13968
8 0.69214 0.85202 0.07945 0.1493
0 0.90885 0.81437 0.00993 0.02289
0 0.89519 0.83543 0.00816 0.01659
0 0.42729 0.64997 0.01153 0.01725
0 0.79491 0.65494 0.01046 0.0146
0 0.74845 0.73142 0.01011 0.01294
0 0.74889 0.74967 0.00851 0.02223
0 0.67237 0.69459 0.01259 0.01758
0 0.67698 0.48689 0.00975 0.01294
0 0.8052 0.51642 0.00692 0.01758
0 0.88633 0.61065 0.00567 0.01958
8 0.85352 0.70886 0.08087 0.14764
0 0.57785 0.81287 0.00692 0.02057
2 0.14613 0.44791 0.01135 0.0219
2 0.47925 0.03351 0.00585 0.01659
2 0.55719 0.05292 0.00958 0.01758
2 0.61367 0.24336 0.00656 0.02422
2 0.62414 0.29944 0.00798 0.02223
2 0.64444 0.29297 0.00922 0.02588
2 0.66705 0.18514 0.00621 0.01526
2 0.66058 0.20289 0.00603 0.02024
2 0.66333 0.2933 0.00727 0.02057
2 0.42295 0.30508 0.00887 0.01493
2 0.42862 0.37691 0.00567 0.01725
3 0.50177 0.34837 0.0094 0.0292
3 0.49894 0.60451 0.00692 0.01659
3 0.48812 0.61198 0.01082 0.01493
2 0.21626 0.21234 0.01188 0.02123
2 0.05843 0.69161 0.0094 0.02289
2 0.32098 0.74137 0.00638 0.02289
0 0.72859 0.73358 0.00798 0.0146
0 0.8889 0.90776 0.0094 0.0219
0 0.85246 0.92303 0.00851 0.01194
0 0.81655 0.87641 0.0094 0.01493
0 0.76131 0.92253 0.00745 0.01095
3 0.86673 0.77273 0.01117 0.01393
2 0.40814 0.5997 0.00514 0.01692
2 0.29323 0.44376 0.00904 0.01958
2 0.66377 0.45239 0.00851 0.01692
2 0.61305 0.63918 0.0117 0.01493
0 0.92915 0.8001 0.00585 0.00763
2 0.40583 0.80839 0.00585 0.02754
5 0.65925 0.55076 0.01153 0.06768
5 0.74135 0.55591 0.01365 0.07001
5 0.16811 0.84356 0.02128 0.12508
5 0.66031 0.8507 0.01365 0.07764
2 0.55471 0.57697 0.0078 0.01327
2 0.54522 0.5778 0.00692 0.01228
0 0.56721 0.50066 0.00514 0.0073
0 0.6487 0.45272 0.00497 0.01095
0 0.56898 0.49336 0.00656 0.00664
0 0.56774 0.608 0.00514 0.01095