0 0.39521 0.28848 0.08057 0.14271
0 0.31355 0.42813 0.08819 0.11825
7 0.23353 0.87666 0.06315 0.13048
0 0.64453 0.72885 0.06424 0.13863
0 0.94148 0.73089 0.0343 0.14883
0 0.49565 0.44699 0.03865 0.09072
0 0.55389 0.27676 0.06587 0.09684
3 0.4785 0.13558 0.05553 0.13456
7 0.07131 0.7263 0.06532 0.07849
0 0.09445 0.87564 0.03212 0.13252
0 0.87561 0.28135 0.07022 0.14271
0 0.37806 0.74006 0.03321 0.39755
0 0.62439 0.56932 0.06097 0.07441
0 0.15269 0.43068 0.07784 0.10907
0 0.25939 0.28287 0.02885 0.07238