9 0.3409 0.70159 0.15598 0.15627
9 0.6909 0.71784 0.07331 0.14847
8 0.53899 0.26706 0.08007 0.14685
8 0.69965 0.2742 0.08007 0.14685
8 0.5357 0.70955 0.08007 0.14685
2 0.27322 0.59113 0.01404 0.03736
2 0.37184 0.39392 0.01404 0.03736
2 0.19159 0.55864 0.01404 0.03736
2 0.18224 0.79029 0.01404 0.03736
2 0.25867 0.79873 0.01404 0.03736
2 0.53146 0.86761 0.01404 0.03736
6 0.35624 0.8564 0.0279 0.12216
2 0.20771 0.22823 0.01404 0.03736
2 0.24463 0.21849 0.01404 0.03736
2 0.24584 0.35559 0.01404 0.03736
2 0.2117 0.35656 0.01404 0.03736
2 0.35901 0.27079 0.01404 0.03736
2 0.34723 0.06579 0.01404 0.03736
2 0.08432 0.29094 0.01404 0.03736
2 0.06075 0.28411 0.01404 0.03736
2 0.07114 0.22921 0.01404 0.03736