3 0.37359 0.26314 0.06881 0.14164
0 0.46916 0.79572 0.03927 0.0447
8 0.60348 0.84545 0.0768 0.13912
8 0.79861 0.85505 0.15569 0.14888
8 0.06785 0.25401 0.07211 0.14542
8 0.85143 0.28486 0.0768 0.14416
8 0.37089 0.83743 0.07559 0.13314
8 0.57376 0.27699 0.15778 0.15234
8 0.84639 0.57066 0.08028 0.13912
2 0.51095 0.40164 0.02798 0.03399
3 0.46916 0.29021 0.00591 0.03148
3 0.19383 0.8497 0.01129 0.04123
4 0.89818 0.83333 0.01529 0.03053
8 0.06516 0.40054 0.0775 0.14511
8 0.77159 0.28313 0.07489 0.14511
5 0.70174 0.52046 0.04883 0.0362
8 0.8417 0.71467 0.07889 0.14385
5 0.94596 0.8593 0.01077 0.13787