7 0.85602 0.5525 0.03647 0.08767
7 0.21584 0.70336 0.02994 0.0632
7 0.33451 0.72936 0.04736 0.10092
7 0.51279 0.28186 0.06859 0.12334
7 0.61051 0.28084 0.0343 0.06014
7 0.2975 0.16412 0.05716 0.11213
0 0.55362 0.86442 0.09907 0.14067
0 0.69679 0.43578 0.0675 0.17635
0 0.7779 0.14016 0.05444 0.158
0 0.23381 0.43068 0.10289 0.14781
0 0.13092 0.57492 0.05825 0.17329
0 0.3797 0.2895 0.05498 0.1631
0 0.37861 0.57594 0.0343 0.13456
2 0.41943 0.66004 0.0245 0.56779
0 0.74197 0.72171 0.19162 0.15291
0 0.88051 0.87768 0.07567 0.1366
2 0.17284 0.87819 0.18454 0.14985
2 0.50136 0.43221 0.02722 0.13456
0 0.17011 0.28695 0.18889 0.14577
0 0.33669 0.4317 0.10397 0.14373
0 0.78307 0.42966 0.10397 0.14781
0 0.8571 0.27931 0.04083 0.14271
0 0.92052 0.29001 0.07403 0.14577
0 0.39929 0.21356 0.07022 0.26198
0 0.55879 0.57747 0.1399 0.12742
0 0.90038 0.58257 0.01633 0.04587
0 0.90201 0.7105 0.03157 0.08767