6 0.14508 0.11173 0.01015 0.02116
6 0.14423 0.1953 0.00676 0.03206
0 0.31983 0.15935 0.00727 0.01494
0 0.26818 0.12465 0.00913 0.03268
0 0.30918 0.12698 0.00829 0.01369
0 0.30639 0.14208 0.0071 0.0084
0 0.32558 0.2328 0.0049 0.00809
0 0.3884 0.15048 0.01319 0.01525
0 0.436 0.16153 0.00896 0.02241
0 0.36295 0.19157 0.00693 0.01276
0 0.43837 0.23623 0.00693 0.00871
0 0.58877 0.13928 0.00643 0.0084
0 0.63519 0.19717 0.00524 0.0084
0 0.63274 0.11485 0.00507 0.0056
0 0.77257 0.11096 0.00812 0.00965
0 0.82432 0.18067 0.00778 0.00903
0 0.62141 0.24152 0.00507 0.0056
0 0.84418 0.26704 0.00592 0.00871
3 0.8419 0.25444 0.00676 0.01338
0 0.97176 0.24339 0.00643 0.00996
0 0.9393 0.19421 0.00643 0.00871
0 0.90074 0.11204 0.00541 0.00622
0 0.87098 0.27218 0.0044 0.00778
0 0.83649 0.38671 0.0071 0.00716
3 0.0722 0.24323 0.00609 0.00965
0 0.09469 0.37348 0.00778 0.01369
3 0.14702 0.24416 0.00626 0.01338
3 0.17738 0.2465 0.00473 0.00622
0 0.15379 0.35652 0.0093 0.01463
0 0.28695 0.25008 0.00507 0.00903
3 0.81332 0.40803 0.02604 0.03112
8 0.25068 0.31201 0.07592 0.14037
8 0.33032 0.31295 0.07525 0.14161
8 0.25203 0.45098 0.0793 0.1413
8 0.32837 0.45503 0.07541 0.13694
8 0.40142 0.45705 0.07474 0.14597
2 0.06857 0.34718 0.00761 0.02459
0 0.0695 0.33162 0.00643 0.00903
2 0.37107 0.324 0.00659 0.01307
0 0.37428 0.24992 0.00727 0.00871
0 0.39195 0.25226 0.00541 0.00778
0 0.33311 0.29754 0.00744 0.01369
0 0.65539 0.32617 0.00812 0.01245
0 0.46863 0.40912 0.00693 0.01214
0 0.45798 0.41472 0.00659 0.00778
0 0.45451 0.51774 0.00338 0.00903
0 0.45054 0.51758 0.00524 0.00685
2 0.337 0.43869 0.00845 0.0221
3 0.20705 0.51167 0.01573 0.01369
0 0.1701 0.50825 0.00778 0.00996
0 0.0689 0.43215 0.00524 0.01089
0 0.06933 0.45316 0.0071 0.01494
3 0.21018 0.39138 0.00947 0.01401
2 0.37606 0.41612 0.00744 0.0193
3 0.53145 0.40772 0.01251 0.02801
3 0.53162 0.48382 0.01589 0.04637
0 0.52215 0.51416 0.00372 0.00498
2 0.65176 0.46701 0.00727 0.02023
2 0.68439 0.51587 0.00862 0.0277
0 0.84038 0.56396 0.01353 0.02241
0 0.92289 0.47308 0.01691 0.03112
0 0.89111 0.56303 0.00609 0.0193
0 0.85636 0.58792 0.00795 0.00809
0 0.86236 0.57656 0.00575 0.00903
0 0.85839 0.61547 0.00592 0.00965
0 0.76936 0.65142 0.00609 0.00685
0 0.93186 0.66993 0.00778 0.01027
0 0.96238 0.67056 0.00862 0.01338
0 0.85281 0.65297 0.00896 0.0112
0 0.81967 0.57267 0.00457 0.0056
3 0.82026 0.52179 0.01015 0.02023
0 0.84173 0.42406 0.00575 0.01401
3 0.68541 0.56116 0.00727 0.01183
0 0.69826 0.59368 0.00423 0.00654
0 0.698 0.60209 0.00473 0.00716
0 0.71221 0.65142 0.00676 0.01369
3 0.72489 0.65624 0.00643 0.00903
0 0.72438 0.6427 0.00744 0.01058
3 0.6942 0.5652 0.00524 0.01805
0 0.68786 0.59508 0.00473 0.00622
0 0.68913 0.60131 0.00626 0.00871
0 0.74374 0.55369 0.00524 0.01307
2 0.61591 0.56816 0.00592 0.01401
3 0.57668 0.62045 0.03433 0.0943
2 0.5416 0.60955 0.00879 0.01338
0 0.56493 0.60504 0.00541 0.00809
2 0.4114 0.63959 0.0071 0.02054
2 0.35052 0.60489 0.00812 0.02397
3 0.13147 0.66885 0.01201 0.01618
3 0.13662 0.68067 0.0071 0.01307
0 0.64449 0.61547 0.01302 0.02023
0 0.79819 0.67056 0.00727 0.01338
2 0.60036 0.68892 0.00761 0.03019
5 0.66343 0.74572 0.01302 0.12636
5 0.81654 0.73856 0.01792 0.08901
5 0.89018 0.8822 0.01843 0.12356
5 0.81214 0.88438 0.01792 0.1192
5 0.65785 0.88266 0.01742 0.11391
5 0.5837 0.88189 0.01792 0.12792
5 0.2817 0.87162 0.01589 0.10924
6 0.37521 0.86772 0.01826 0.0996
3 0.42687 0.90756 0.00862 0.02303
3 0.61042 0.8808 0.00676 0.02428
2 0.55014 0.84423 0.00626 0.02023
0 0.22413 0.66916 0.00795 0.00809
0 0.19581 0.31092 0.00609 0.0112
0 0.13172 0.31404 0.0071 0.00871
2 0.91292 0.75552 0.00981 0.02148
2 0.94572 0.7342 0.01251 0.02116
0 0.50431 0.93729 0.00389 0.00716
0 0.50803 0.93931 0.00321 0.00498
0 0.49374 0.93946 0.00406 0.01027
0 0.20967 0.92966 0.00541 0.00747
2 0.07254 0.16433 0.01082 0.04233
2 0.13544 0.19234 0.00947 0.05104
8 0.1023 0.16122 0.0744 0.13321
8 0.17602 0.1662 0.0744 0.14815
8 0.48377 0.31871 0.07169 0.14939
8 0.40497 0.16993 0.07372 0.14566
8 0.3255 0.59757 0.07575 0.13196
8 0.10129 0.86523 0.07508 0.14192
8 0.17839 0.86275 0.08049 0.13943
8 0.25144 0.86835 0.07237 0.13321
8 0.32787 0.87644 0.07237 0.12947
8 0.3999 0.87644 0.07575 0.13694
8 0.47903 0.87457 0.06628 0.13321
8 0.5514 0.87582 0.07305 0.1357
8 0.7834 0.88391 0.06899 0.13943
8 0.85847 0.88702 0.07305 0.13321
8 0.93253 0.8864 0.06967 0.13196
8 0.55546 0.74448 0.07846 0.13196
8 0.63155 0.74634 0.07643 0.15064
8 0.79117 0.32057 0.07237 0.14317
8 0.78914 0.46436 0.07778 0.1469
8 0.70291 0.88951 0.07711 0.1357
8 0.94065 0.32493 0.06967 0.13694
8 0.94302 0.1774 0.07169 0.14815
8 0.94234 0.46374 0.06899 0.14317
8 0.18143 0.59633 0.08252 0.15188
8 0.10602 0.59135 0.06967 0.13943
5 0.13409 0.43884 0.01759 0.09835
8 0.47802 0.74074 0.07643 0.1469
8 0.55986 0.3212 0.07508 0.14939
8 0.71407 0.32306 0.07643 0.1357
8 0.63054 0.59944 0.07711 0.14566
8 0.55783 0.60255 0.06967 0.14939
8 0.79523 0.17927 0.07778 0.13445
8 0.71339 0.17554 0.07643 0.13943
8 0.70561 0.74323 0.07575 0.13445
8 0.86253 0.74448 0.07169 0.13694
8 0.47937 0.60068 0.07643 0.14068
8 0.93963 0.61002 0.06493 0.13445
5 0.51048 0.45814 0.01826 0.10209