6 0.37792 0.88375 0.02333 0.1192
1 0.30115 0.62745 0.01184 0.03486
2 0.37411 0.12216 0.00727 0.02148
7 0.19352 0.79972 0.01031 0.02148
3 0.89356 0.33785 0.01437 0.02894
2 0.95071 0.4558 0.01201 0.03392
8 0.55808 0.17756 0.53619 0.14286
8 0.71373 0.31855 0.22692 0.13912
8 0.78982 0.46499 0.07068 0.1357
8 0.63417 0.88157 0.22878 0.13725
8 0.89829 0.88515 0.14626 0.15562
8 0.86498 0.74868 0.07558 0.14659
8 0.40345 0.45674 0.2188 0.13725
8 0.40489 0.60146 0.07457 0.13725
8 0.21246 0.59508 0.14525 0.12823
8 0.10856 0.73218 0.06865 0.13539