2 0.17256 0.57645 0.0294 0.14169
2 0.17256 0.72426 0.02395 0.14577
2 0.13146 0.72732 0.01905 0.14169
2 0.45618 0.43374 0.01851 0.14373
2 0.49483 0.42966 0.02722 0.13354
2 0.49265 0.58206 0.0196 0.14679
2 0.45808 0.57696 0.02014 0.1366
2 0.45563 0.72477 0.01742 0.14475
2 0.37616 0.72375 0.0196 0.13456
2 0.33451 0.72936 0.0245 0.13354
2 0.29205 0.72681 0.02232 0.14679
2 0.21557 0.72069 0.02395 0.1366
2 0.454 0.28593 0.02395 0.14781
2 0.49673 0.28593 0.02232 0.14781
2 0.86064 0.72477 0.01742 0.14679
2 0.89848 0.72273 0.02123 0.14067
2 0.89902 0.57696 0.01688 0.13456
2 0.85765 0.56881 0.01905 0.13252
2 0.6976 0.57747 0.01905 0.13965
2 0.65977 0.86697 0.01633 0.1315
2 0.57893 0.86952 0.01688 0.13863
2 0.65678 0.5739 0.01252 0.14067
2 0.73762 0.42661 0.02069 0.13965
2 0.7387 0.27982 0.01415 0.1315
2 0.81764 0.43068 0.02069 0.13761
2 0.77654 0.4317 0.02014 0.1315
2 0.82009 0.72426 0.02559 0.14781
2 0.819 0.57238 0.02014 0.14985
0 0.33533 0.26453 0.03484 0.08869
0 0.29641 0.12181 0.03865 0.10499
0 0.44692 0.11672 0.0196 0.05403
0 0.48748 0.14067 0.02341 0.04077
0 0.53729 0.46585 0.03048 0.08359
0 0.57403 0.2946 0.03103 0.09786
0 0.54736 0.74924 0.01905 0.04281
0 0.49646 0.73089 0.02069 0.08563
0 0.70822 0.70744 0.02504 0.04485
0 0.05743 0.58461 0.03103 0.0948
7 0.05389 0.43374 0.0098 0.02548
7 0.13936 0.34557 0.01306 0.0265
7 0.37779 0.42559 0.0098 0.02141
7 0.41399 0.44903 0.01143 0.02548
7 0.21094 0.38634 0.01143 0.02039
7 0.77654 0.76147 0.01034 0.02446
7 0.96026 0.15698 0.01198 0.02243
7 0.90011 0.88736 0.01361 0.0316
7 0.58383 0.70999 0.0147 0.02345
0 0.27572 0.58155 0.1497 0.10907
0 0.61377 0.50714 0.02232 0.2946
0 0.09064 0.21101 0.03212 0.2895
7 0.49565 0.87564 0.11268 0.1366
0 0.8601 0.88073 0.0196 0.13252
0 0.29396 0.26962 0.0479 0.07849