3 0.86025 0.78244 0.06768 0.04303
3 0.06996 0.08761 0.01999 0.06766
2 0.1451 0.09507 0.03174 0.10895
6 0.38138 0.61398 0.05681 0.07599
6 0.30037 0.61312 0.0484 0.06454
3 0.31413 0.39157 0.06751 0.10097
3 0.14966 0.85843 0.05594 0.05968
3 0.66027 0.39833 0.0149 0.09091
3 0.82974 0.2899 0.01157 0.04615
3 0.2966 0.14139 0.01596 0.03296
3 0.11292 0.23872 0.01929 0.05968
5 0.6607 0.89053 0.01753 0.11416
3 0.45064 0.59403 0.04349 0.12908
3 0.09372 0.83605 0.0377 0.04129
3 0.14343 0.26596 0.0484 0.05448
3 0.37463 0.35861 0.01666 0.05448
5 0.43065 0.29164 0.01508 0.06627
5 0.63896 0.21808 0.01262 0.05448
5 0.51166 0.11398 0.01508 0.0975
5 0.90654 0.41881 0.01333 0.12561
3 0.89619 0.90285 0.01087 0.0694