0 0.12378 0.49015 0.02919 0.07645
0 0.19786 0.5615 0.02579 0.04111
0 0.60318 0.42066 0.0134 0.02854
0 0.61108 0.48437 0.0208 0.04519
0 0.65947 0.48165 0.02919 0.04247
0 0.69776 0.48301 0.0226 0.05674
0 0.93731 0.51767 0.025 0.0581
0 0.89362 0.89127 0.0092 0.03262
0 0.91692 0.89144 0.0158 0.04111
0 0.78434 0.74278 0.0158 0.0299
10 0.36743 0.91828 0.08338 0.14305
2 0.28874 0.50849 0.0192 0.02548
2 0.36953 0.50629 0.0192 0.03806
2 0.42531 0.40792 0.0176 0.03976
2 0.44991 0.45175 0.0184 0.04791
2 0.27325 0.72358 0.0134 0.03704
2 0.18706 0.50561 0.04259 0.03398
2 0.21456 0.41437 0.0176 0.02413
2 0.63197 0.87581 0.08738 0.02956
2 0.93821 0.70031 0.02 0.0666
2 0.85193 0.71169 0.0126 0.04383
2 0.71896 0.41488 0.0034 0.0367
2 0.83483 0.41148 0.0216 0.03262
2 0.54029 0.92406 0.014 0.0581
2 0.5132 0.96432 0.0118 0.03942
2 0.42911 0.96721 0.02 0.05946
2 0.06709 0.94156 0.0158 0.06796
2 0.79324 0.94937 0.02999 0.09786
2 0.46911 0.64441 0.0184 0.05674
0 0.74225 0.87513 0.03999 0.04791
0 0.73155 0.96993 0.05339 0.05403
0 0.68986 0.73632 0.02 0.06252
0 0.4878 0.72222 0.02579 0.04791
0 0.28954 0.82484 0.06079 0.0581