9 0.91402 0.14407 0.08758 0.14543
0 0.33733 0.10347 0.0204 0.05742
0 0.35403 0.08852 0.0118 0.035
0 0.25385 0.08767 0.03699 0.02582
0 0.5186 0.08546 0.025 0.04111
0 0.5191 0.13609 0.02 0.04791
0 0.71296 0.20014 0.03739 0.0401
5 0.15667 0.1298 0.0242 0.1298
0 0.31274 0.12793 0.0084 0.01257
0 0.22865 0.17482 0.0098 0.01121
0 0.22565 0.2054 0.007 0.00985
2 0.40902 0.09072 0.0086 0.02582
2 0.34893 0.1789 0.006 0.02345
0 0.20966 0.19011 0.0074 0.00917
0 0.40382 0.13099 0.0082 0.00985
5 0.22535 0.11366 0.02 0.09956
2 0.43941 0.1806 0.0102 0.0248
2 0.42252 0.09463 0.0068 0.02005
0 0.5136 0.18892 0.0066 0.01699
2 0.46611 0.09327 0.0088 0.02209
0 0.44801 0.149 0.007 0.01325
2 0.52999 0.18043 0.0098 0.02582
0 0.56389 0.17618 0.0104 0.01393
2 0.61988 0.18349 0.0084 0.02718
2 0.64847 0.20523 0.006 0.01087
3 0.67946 0.18162 0.014 0.00985
2 0.74225 0.09361 0.0072 0.02345
2 0.25835 0.17431 0.0072 0.02175
0 0.33743 0.18909 0.0174 0.03568
2 0.66547 0.09123 0.0072 0.02616
2 0.65807 0.09208 0.0096 0.02446
2 0.83983 0.09684 0.0112 0.03058
2 0.80344 0.18739 0.0104 0.02888
0 0.76245 0.16735 0.0072 0.01325
0 0.85983 0.14781 0.0104 0.01903
2 0.18966 0.27455 0.0134 0.02379
2 0.16307 0.27761 0.0122 0.02243
2 0.27295 0.22579 0.0128 0.02005
2 0.31834 0.27795 0.0072 0.02718
2 0.30204 0.24584 0.0082 0.02888
2 0.35733 0.33333 0.0072 0.02107
2 0.40822 0.28186 0.0082 0.01733
2 0.39302 0.25059 0.0098 0.02413
2 0.39792 0.22613 0.0092 0.01937
2 0.4837 0.25348 0.0076 0.02175
2 0.4981 0.28118 0.0096 0.02616
2 0.54269 0.22579 0.0076 0.01461
0 0.53039 0.26504 0.0106 0.02175
2 0.66397 0.25416 0.0142 0.02786
2 0.59058 0.28321 0.0102 0.02888
2 0.63287 0.22953 0.0108 0.01393
2 0.29584 0.33554 0.0134 0.02684
2 0.30484 0.33724 0.0086 0.02005
2 0.68036 0.28321 0.0114 0.02684
2 0.71736 0.34251 0.0102 0.02854
2 0.72625 0.33724 0.0108 0.02888
0 0.91162 0.24176 0.07079 0.02956
0 0.88392 0.28152 0.0226 0.09004
0 0.85673 0.27812 0.03179 0.10703
0 0.20896 0.27761 0.0076 0.02107
0 0.40992 0.30156 0.0096 0.01325
0 0.43551 0.34998 0.0076 0.00883
3 0.08288 0.45736 0.019 0.03398
0 0.13017 0.48794 0.0144 0.02514
3 0.07538 0.41777 0.0164 0.02956
3 0.17377 0.45362 0.0236 0.05776
3 0.18246 0.49915 0.0206 0.02786
0 0.16687 0.4893 0.0086 0.01563
0 0.21826 0.47452 0.0118 0.01937
0 0.33403 0.39687 0.0098 0.01563
0 0.36253 0.3984 0.0072 0.02005
0 0.36063 0.38345 0.0098 0.01325
3 0.40372 0.40741 0.0108 0.02582
5 0.31464 0.45277 0.019 0.14645
3 0.36143 0.4949 0.03899 0.03568
3 0.34113 0.46398 0.02 0.07305
2 0.40062 0.47095 0.0138 0.0333
3 0.26785 0.47927 0.0098 0.02548
0 0.5232 0.42559 0.0066 0.01393
2 0.4961 0.3843 0.0076 0.01631
0 0.4819 0.47231 0.0112 0.01291
2 0.43821 0.4932 0.0118 0.02684
2 0.52969 0.49847 0.0112 0.03602
2 0.61368 0.38209 0.0072 0.01733
0 0.63827 0.51121 0.0216 0.04179
0 0.67936 0.4018 0.0102 0.01325
0 0.66917 0.43221 0.0082 0.02175
2 0.46041 0.43833 0.0094 0.03738
0 0.72146 0.44139 0.0092 0.01019
0 0.74375 0.46415 0.0118 0.01563
0 0.72655 0.43357 0.0062 0.01019
0 0.69676 0.44529 0.0114 0.02005
0 0.79774 0.31804 0.0102 0.01495
2 0.80214 0.49966 0.0098 0.02956
0 0.84163 0.39925 0.0068 0.01835
0 0.83323 0.40078 0.0092 0.02888
0 0.81734 0.39959 0.0082 0.02243
0 0.94311 0.46483 0.017 0.11145
0 0.74625 0.24533 0.0076 0.00883
0 0.75445 0.24533 0.0088 0.01903
0 0.18886 0.60822 0.0138 0.01155
0 0.15717 0.58987 0.0096 0.01495
0 0.07409 0.61689 0.0106 0.01461
5 0.07049 0.60041 0.021 0.11757
5 0.15897 0.6016 0.02759 0.10975
5 0.24975 0.58987 0.0236 0.09854
0 0.24275 0.59701 0.0128 0.01835
2 0.4817 0.58953 0.014 0.02786
3 0.4922 0.62776 0.0206 0.0384
0 0.47221 0.55641 0.007 0.01937
0 0.4863 0.55708 0.008 0.01597
0 0.4803 0.55657 0.0052 0.0068
2 0.45501 0.614 0.011 0.01835
2 0.43391 0.59089 0.0088 0.03602
2 0.46611 0.61706 0.0064 0.02514
0 0.4811 0.62878 0.0084 0.01801
5 0.40582 0.60516 0.0174 0.1264
2 0.57199 0.5649 0.0074 0.02548
0 0.5243 0.58342 0.0052 0.01223
2 0.61078 0.62725 0.009 0.01631
2 0.58598 0.62097 0.0074 0.02956
2 0.58678 0.56507 0.005 0.02922
0 0.42641 0.67125 0.007 0.00917
3 0.42561 0.65732 0.0094 0.01733
2 0.4905 0.67652 0.0068 0.01767
3 0.85113 0.62793 0.011 0.02582
0 0.86203 0.65732 0.0068 0.01053
0 0.74295 0.61621 0.0098 0.00985
2 0.75255 0.57305 0.0066 0.0248
2 0.84583 0.56915 0.0052 0.02786
2 0.83813 0.65206 0.0058 0.02379
2 0.80814 0.65291 0.0066 0.02141
2 0.70856 0.49575 0.0122 0.01835
2 0.75845 0.54281 0.0064 0.01325
5 0.94451 0.60211 0.02619 0.14203
0 0.30654 0.47129 0.0072 0.01223
0 0.09808 0.71865 0.03299 0.06184
0 0.08538 0.7946 0.04599 0.0384
0 0.09678 0.76894 0.03439 0.03262
2 0.13097 0.74074 0.0108 0.02379
2 0.20686 0.74737 0.0066 0.01529
2 0.17586 0.80564 0.0094 0.01359
2 0.26795 0.77149 0.0068 0.0316
2 0.26695 0.74261 0.0072 0.02616
0 0.25625 0.8036 0.0074 0.01087
2 0.28814 0.77268 0.0088 0.02175
2 0.29664 0.74482 0.0086 0.01767
0 0.37902 0.70863 0.0082 0.01393
3 0.37912 0.7229 0.0076 0.01461
3 0.37732 0.73989 0.0128 0.01801
2 0.42282 0.74397 0.007 0.0248
2 0.4752 0.74941 0.009 0.02345
0 0.4902 0.76979 0.0094 0.00917
2 0.44761 0.70727 0.005 0.01325
0 0.46021 0.73904 0.0054 0.01019
2 0.46871 0.70795 0.006 0.01257
0 0.484 0.71101 0.007 0.00714
0 0.44651 0.68688 0.006 0.00646
0 0.46691 0.68722 0.0072 0.00714
0 0.42711 0.6879 0.0068 0.00917
0 0.32913 0.82042 0.0048 0.00849
0 0.38352 0.78406 0.0052 0.00782
0 0.35943 0.68926 0.0062 0.00849
0 0.509 0.80972 0.007 0.01291
0 0.55309 0.74567 0.0064 0.00985
2 0.62797 0.78287 0.009 0.01903
2 0.64497 0.77302 0.0078 0.01903
2 0.61478 0.77489 0.009 0.02277
0 0.65527 0.69657 0.006 0.00748
0 0.66827 0.75858 0.0072 0.01393
0 0.67726 0.77863 0.0048 0.00782
2 0.64727 0.72052 0.0064 0.02073
2 0.77085 0.71594 0.0068 0.02311
0 0.76865 0.7015 0.0064 0.01053
2 0.70426 0.78033 0.0084 0.03092
0 0.75255 0.8036 0.0074 0.01427
0 0.75795 0.83503 0.0066 0.00714
2 0.79394 0.77642 0.0074 0.01835
2 0.80734 0.78746 0.0058 0.02005
2 0.88392 0.77778 0.0098 0.02718
2 0.88222 0.80683 0.0084 0.02277
2 0.92961 0.7472 0.0112 0.02039
2 0.74795 0.7178 0.0058 0.01665
3 0.74875 0.69895 0.0082 0.01903
5 0.94861 0.77268 0.0172 0.14679
9 0.10558 0.90282 0.08678 0.13999
0 0.19076 0.956 0.03639 0.03772
0 0.21766 0.86544 0.017 0.01903
0 0.20876 0.88872 0.0132 0.01733
0 0.19196 0.86323 0.02639 0.02752
0 0.19306 0.91845 0.02779 0.0299
0 0.22056 0.92474 0.024 0.02141
0 0.21996 0.95583 0.02 0.02718
0 0.29014 0.96177 0.05599 0.04043
0 0.29564 0.9283 0.06099 0.0333
0 0.28074 0.89704 0.0156 0.02718
0 0.30054 0.88855 0.0228 0.00815
0 0.29894 0.90248 0.02 0.01835
0 0.27395 0.86884 0.0184 0.02718
0 0.30194 0.8702 0.0172 0.02514
0 0.28954 0.86697 0.0088 0.01801
0 0.28124 0.84319 0.03819 0.01733
0 0.38862 0.85032 0.0098 0.01121
0 0.34343 0.89144 0.0082 0.01393
0 0.42462 0.89619 0.0078 0.01053
0 0.42841 0.9334 0.0058 0.01087
0 0.4955 0.84879 0.0104 0.00815
0 0.53329 0.87105 0.0108 0.01665
0 0.5231 0.89195 0.0048 0.01495
2 0.54129 0.90299 0.0064 0.02209
2 0.5141 0.93119 0.0052 0.02752
2 0.4938 0.87173 0.0078 0.02141
2 0.62817 0.97078 0.0122 0.02582
0 0.66257 0.94275 0.007 0.01257
0 0.64507 0.92983 0.0088 0.01461
2 0.71446 0.96228 0.0112 0.02514
2 0.69216 0.96296 0.0102 0.02311
2 0.77984 0.93901 0.0072 0.02005
0 0.75385 0.93561 0.006 0.01801
0 0.79794 0.86273 0.0074 0.01155
0 0.81474 0.84692 0.0106 0.00646
0 0.81564 0.85372 0.0108 0.00849
0 0.81664 0.9086 0.0108 0.01427
0 0.81584 0.8702 0.0088 0.01019
0 0.84573 0.96687 0.009 0.01257
5 0.85333 0.90656 0.0214 0.0897
2 0.93281 0.90826 0.008 0.02311
0 0.89572 0.85236 0.0098 0.00917
0 0.92551 0.8561 0.007 0.01869
0 0.91252 0.85355 0.0114 0.01155
2 0.92042 0.90316 0.0084 0.02311
2 0.90172 0.90605 0.0082 0.02073
2 0.89162 0.49507 0.014 0.02582
2 0.92741 0.41505 0.0088 0.02141
0 0.65677 0.52022 0.0166 0.01903
0 0.65937 0.67669 0.0122 0.01121
0 0.92282 0.60975 0.0172 0.06626
0 0.61228 0.73751 0.0088 0.01325
8 0.18896 0.13592 0.08958 0.15019
8 0.27904 0.29307 0.09178 0.14985
8 0.73405 0.14424 0.09038 0.13829
8 0.82484 0.14407 0.09238 0.14543
8 0.37133 0.13897 0.09038 0.14883
8 0.64167 0.29664 0.08878 0.15698
8 0.37033 0.2912 0.08958 0.15834
8 0.45971 0.28236 0.08758 0.14747
8 0.10558 0.44835 0.08278 0.14645
8 0.18896 0.44461 0.08678 0.14645
8 0.27864 0.44886 0.09098 0.15698
8 0.36723 0.4458 0.08618 0.14883
8 0.54479 0.6016 0.08698 0.14645
8 0.73205 0.29766 0.09038 0.15223
8 0.82513 0.29766 0.08898 0.15698
8 0.91542 0.45294 0.08878 0.15358
8 0.72715 0.76266 0.09018 0.15936
8 0.63787 0.76266 0.09238 0.15936
8 0.91332 0.77166 0.08898 0.15358
8 0.81574 0.76639 0.08698 0.14781
8 0.54579 0.90928 0.08338 0.14067
8 0.10008 0.13371 0.09098 0.1546
8 0.09728 0.28763 0.09098 0.15121
8 0.54959 0.44988 0.08418 0.15698
8 0.73175 0.44937 0.09378 0.158
8 0.45681 0.60466 0.08898 0.14781
8 0.81714 0.91115 0.09098 0.15121
8 0.72925 0.91692 0.08358 0.13965
8 0.90752 0.91352 0.08538 0.14645
8 0.64507 0.14424 0.08758 0.14781
8 0.55139 0.13524 0.09178 0.14883
8 0.45861 0.91047 0.08698 0.14305
8 0.82164 0.60992 0.09318 0.15087
8 0.91542 0.29986 0.09038 0.15936
0 0.73305 0.58648 0.02879 0.0999