8 0.12997 0.12024 0.07611 0.14416
8 0.48219 0.13409 0.15361 0.1429
8 0.51156 0.85206 0.0775 0.1429
8 0.16412 0.76487 0.151 0.2858
8 0.82702 0.79997 0.07211 0.29304
8 0.79427 0.43437 0.15361 0.14542
8 0.35621 0.84608 0.07819 0.1429
0 0.20321 0.2825 0.03805 0.09348
8 0.12702 0.33648 0.0768 0.28329
8 0.36255 0.34545 0.07489 0.28675
8 0.51555 0.57428 0.0775 0.14385
8 0.74857 0.72254 0.0768 0.14762
0 0.83406 0.53431 0.03545 0.03494
0 0.35526 0.58687 0.04952 0.06767
0 0.74483 0.74614 0.03736 0.06893
0 0.75482 0.82657 0.04414 0.04847
0 0.27897 0.59537 0.04987 0.05571
0 0.13189 0.52345 0.03371 0.05036
10 0.20513 0.55241 0.07941 0.13535
2 0.62381 0.7611 0.00799 0.03085
2 0.31981 0.70507 0.14648 0.1385
2 0.5967 0.51889 0.0563 0.02613
2 0.4351 0.51196 0.0563 0.02298
2 0.44057 0.30217 0.06725 0.09254
10 0.6106 0.17202 0.03997 0.07775
10 0.59757 0.37992 0.03719 0.03777
10 0.56542 0.45058 0.01668 0.0746