0 0.05226 0.13099 0.0196 0.0948
0 0.0939 0.14271 0.01579 0.08563
8 0.21421 0.13609 0.03974 0.13965
8 0.25476 0.13558 0.04028 0.14067
7 0.37534 0.11621 0.01796 0.06728
7 0.4159 0.1524 0.01633 0.0581
0 0.54219 0.13863 0.02722 0.11009
0 0.58302 0.1315 0.02722 0.11417
7 0.69788 0.14526 0.01851 0.06014
0 0.74388 0.14679 0.02776 0.10805
7 0.77763 0.12436 0.01905 0.05301
0 0.81682 0.13507 0.01361 0.12334
0 0.86391 0.13863 0.02722 0.11825
0 0.90555 0.13405 0.02994 0.1213
3 0.97931 0.13507 0.01633 0.13965
0 0.05308 0.26453 0.01688 0.05607
8 0.13473 0.28542 0.04083 0.14271
7 0.1693 0.25229 0.01198 0.02548
7 0.19053 0.23649 0.0098 0.02854
3 0.25095 0.2844 0.01633 0.14475
7 0.29477 0.25484 0.01796 0.04893
0 0.33587 0.28899 0.01851 0.13354
2 0.37806 0.28644 0.02885 0.14067
7 0.45645 0.26045 0.01252 0.03364
0 0.50354 0.29205 0.02613 0.10296
0 0.53702 0.28033 0.01688 0.11213
7 0.57621 0.31855 0.01905 0.03364
7 0.68209 0.25994 0.0098 0.02243
0 0.69788 0.27421 0.01524 0.09582
7 0.73054 0.30122 0.00762 0.01733
7 0.73898 0.25382 0.00817 0.01427
8 0.77817 0.28186 0.03974 0.14169
8 0.81818 0.28236 0.03811 0.14679
0 0.85738 0.27523 0.02286 0.10194
7 0.89875 0.23293 0.01198 0.01733
2 0.89521 0.29511 0.02776 0.10092
3 0.98095 0.28186 0.01742 0.13965
0 0.05389 0.41081 0.01851 0.07543
7 0.04437 0.4577 0.00925 0.01835
7 0.08138 0.43629 0.01579 0.05301
7 0.09526 0.38175 0.01415 0.01529
7 0.0988 0.46942 0.00708 0.01529
7 0.09744 0.41947 0.00762 0.01325
0 0.13527 0.43068 0.01361 0.13558
7 0.17665 0.41182 0.0049 0.01223
0 0.2153 0.42864 0.01688 0.13761
0 0.25585 0.42406 0.02069 0.1264
7 0.29695 0.41386 0.0147 0.02854
7 0.33206 0.45362 0.00871 0.02446
5 0.3601 0.43119 0.00708 0.0265
5 0.40256 0.43629 0.01252 0.04281
3 0.45863 0.43119 0.01361 0.14271
0 0.54246 0.44139 0.02776 0.09786
0 0.58928 0.4419 0.01252 0.04179
0 0.61649 0.45668 0.01579 0.05708
7 0.65596 0.41131 0.01089 0.02752
0 0.69869 0.40061 0.0147 0.06116
0 0.74333 0.42966 0.02776 0.09684
3 0.81519 0.42406 0.01143 0.1264
0 0.86418 0.44037 0.02667 0.08359
0 0.90555 0.43323 0.02559 0.09582
0 0.14235 0.58002 0.02341 0.05505
0 0.18209 0.57645 0.02559 0.07034
0 0.21475 0.57798 0.01905 0.13048
0 0.25476 0.57645 0.01851 0.1315
2 0.30539 0.53364 0.00762 0.02345
3 0.28688 0.57034 0.01524 0.02345
2 0.34731 0.6264 0.00871 0.02141
2 0.37398 0.53925 0.01089 0.02243
0 0.41807 0.60398 0.03593 0.07849
0 0.45536 0.57339 0.00925 0.12742
0 0.49483 0.57747 0.01415 0.12538
7 0.53538 0.58512 0.01034 0.02243
7 0.57812 0.5948 0.01524 0.04383
7 0.6859 0.58919 0.01633 0.04077
2 0.75122 0.53109 0.00762 0.02446
3 0.78062 0.57696 0.01306 0.14271
7 0.82063 0.56014 0.01034 0.02345
3 0.86173 0.57798 0.00762 0.13863
0 0.89439 0.56065 0.02177 0.08767
3 0.98285 0.57594 0.01361 0.13863
3 0.09662 0.72426 0.01252 0.14373
0 0.1301 0.72069 0.0294 0.09786
0 0.16984 0.7156 0.0294 0.09786
0 0.21557 0.71967 0.01415 0.12232
8 0.29559 0.72477 0.03919 0.14067
0 0.32934 0.71407 0.02613 0.08257
3 0.45944 0.72579 0.0098 0.14067
7 0.49401 0.72834 0.00817 0.02141
0 0.543 0.73191 0.0245 0.11825
0 0.57784 0.70591 0.02232 0.08665
3 0.61568 0.72426 0.01742 0.13965
0 0.65678 0.72732 0.01688 0.0948
0 0.70414 0.72783 0.02885 0.11417
0 0.74605 0.73751 0.02667 0.10499
0 0.77817 0.72528 0.01796 0.14169
0 0.81709 0.72477 0.01633 0.14067
0 0.86364 0.72018 0.02885 0.06218
0 0.90582 0.71967 0.02613 0.0897
7 0.93767 0.7472 0.01143 0.02039
7 0.93713 0.6998 0.01143 0.02141
7 0.93903 0.77523 0.00871 0.01529
3 0.97659 0.78542 0.01306 0.02548
2 0.06832 0.84455 0.00599 0.02141
0 0.1429 0.88073 0.02667 0.08563
7 0.18889 0.83028 0.01306 0.02548
2 0.20713 0.84659 0.00708 0.02141
2 0.22373 0.85321 0.00653 0.01631
2 0.21747 0.82161 0.00708 0.01835
2 0.21475 0.92406 0.01143 0.01733
3 0.25313 0.8736 0.01198 0.14271
7 0.29995 0.86952 0.02395 0.05505
2 0.33397 0.89551 0.00925 0.02345
2 0.31954 0.87207 0.00327 0.02548
5 0.35302 0.87411 0.00599 0.02548
2 0.42161 0.8736 0.00708 0.02039
0 0.46108 0.87768 0.03048 0.11417
0 0.50299 0.87717 0.02831 0.1213
0 0.53021 0.87717 0.02504 0.08461
0 0.57077 0.86595 0.02667 0.08665
3 0.61922 0.87105 0.01143 0.13558
0 0.65814 0.86952 0.0098 0.02854
2 0.70223 0.84913 0.01198 0.02446
0 0.73353 0.86799 0.02667 0.11519
0 0.77953 0.87207 0.01415 0.13965
0 0.81818 0.87207 0.01633 0.11723
0 0.84867 0.84709 0.01851 0.06932
7 0.89657 0.87666 0.03266 0.0999
3 0.94339 0.87462 0.01524 0.14271