0 0.29042 0.14016 0.043 0.10907
0 0.23326 0.27982 0.0724 0.13558
0 0.15651 0.42355 0.08002 0.14985
0 0.15269 0.73038 0.08438 0.16412
0 0.88487 0.43374 0.07893 0.1682
0 0.55661 0.13863 0.0822 0.14271
0 0.71666 0.14067 0.0822 0.13456
0 0.96026 0.87819 0.07948 0.15189
0 0.2368 0.57594 0.07839 0.15087
7 0.37616 0.30989 0.01742 0.03466
7 0.48449 0.45872 0.02831 0.06728
7 0.53212 0.44139 0.01905 0.03874
0 0.39085 0.55556 0.03375 0.08155
0 0.90882 0.69572 0.04083 0.07645
0 0.71394 0.43578 0.08111 0.13965
0 0.63609 0.28236 0.06151 0.1366
0 0.43413 0.28746 0.06913 0.14679
0 0.30267 0.71865 0.03048 0.10398
0 0.51361 0.72681 0.14643 0.13456
0 0.08601 0.87819 0.07839 0.12742
0 0.23489 0.88022 0.06913 0.14169
0 0.08111 0.57543 0.06315 0.14781
0 0.15215 0.14016 0.06696 0.13354
7 0.8797 0.13456 0.05988 0.1366
7 0.79858 0.28389 0.06315 0.14781
7 0.7994 0.50765 0.06913 0.27115
7 0.67202 0.579 0.14643 0.12232
2 0.57648 0.43731 0.02722 0.13456
7 0.79559 0.83843 0.07131 0.06218
0 0.95972 0.28491 0.07077 0.14169
0 0.31328 0.42915 0.06913 0.11825
2 0.23517 0.43221 0.06859 0.14271
0 0.63527 0.88124 0.06097 0.14373