8 0.10098 0.14186 0.08798 0.14713
8 0.18966 0.14645 0.09338 0.14951
2 0.28594 0.1862 0.0108 0.02922
2 0.40662 0.09565 0.0082 0.02684
2 0.45361 0.12691 0.0122 0.03092
4 0.89192 0.08529 0.0106 0.02446
4 0.94891 0.37037 0.0222 0.01835
4 0.06329 0.66565 0.0114 0.0265
3 0.4917 0.76368 0.0048 0.14713
0 0.55009 0.56116 0.03599 0.05131
8 0.90692 0.92406 0.08738 0.14577
3 0.06489 0.9419 0.0114 0.05641
8 0.54489 0.92236 0.62388 0.15528
7 0.60688 0.66293 0.14197 0.05776
0 0.38642 0.72069 0.05099 0.07475
5 0.37642 0.69266 0.62687 0.05607