6 0.94634 0.45073 0.0775 0.0694
3 0.29484 0.29251 0.04121 0.03331
3 0.39304 0.91083 0.07557 0.0347
3 0.47019 0.87752 0.07628 0.03747
3 0.86849 0.85305 0.07154 0.04129
3 0.76732 0.71478 0.01087 0.04025
3 0.77336 0.52186 0.0121 0.03609
0 0.05409 0.43199 0.02087 0.05344
5 0.20375 0.17106 0.0263 0.05482
7 0.308 0.37977 0.0391 0.04545
4 0.59232 0.53539 0.01683 0.05482
3 0.31308 0.73421 0.07347 0.03053
2 0.95678 0.94448 0.0135 0.0347
2 0.87691 0.9424 0.01403 0.03609
2 0.89751 0.92106 0.0121 0.05725
2 0.5363 0.79424 0.0128 0.03609
2 0.58013 0.78088 0.0114 0.04962
2 0.57102 0.68824 0.0107 0.04545
2 0.63449 0.78747 0.05664 0.04129
2 0.53665 0.60201 0.0121 0.04164
2 0.60416 0.65545 0.0135 0.03331
2 0.64896 0.6728 0.01403 0.03331
2 0.95003 0.14816 0.01087 0.03609
2 0.95108 0.08223 0.01403 0.04303
2 0.97799 0.055 0.0142 0.04129
2 0.31045 0.59004 0.03174 0.07599
2 0.38287 0.57269 0.0107 0.03088
2 0.39742 0.6067 0.0128 0.04268
2 0.4139 0.64087 0.0149 0.03331
2 0.83851 0.40996 0.01683 0.08154
2 0.81685 0.52134 0.0114 0.04268
5 0.90689 0.72745 0.01227 0.12387
2 0.63616 0.41117 0.05471 0.09715
5 0.6024 0.13966 0.04787 0.10652
2 0.92784 0.27706 0.03244 0.09889
2 0.97738 0.23768 0.01683 0.08397