2 0.18616 0.09021 0.0116 0.02413
2 0.18896 0.12385 0.0128 0.03024
2 0.29594 0.09327 0.0072 0.03092
0 0.4911 0.07577 0.0196 0.02175
0 0.72356 0.08461 0.04059 0.03738
0 0.74545 0.19385 0.04759 0.04451
3 0.86243 0.08342 0.016 0.02752
2 0.87872 0.25331 0.0118 0.03024
2 0.89612 0.31431 0.0106 0.0299
3 0.94321 0.34981 0.014 0.02141
2 0.36753 0.26181 0.0156 0.04451
2 0.35223 0.33214 0.0174 0.04655
2 0.38062 0.33197 0.0186 0.04689
3 0.22735 0.26045 0.0092 0.04927
7 0.08068 0.30581 0.0086 0.01359
2 0.42661 0.40418 0.0186 0.02956
0 0.58038 0.47061 0.021 0.03058
0 0.75835 0.4932 0.0238 0.07713
4 0.79264 0.51053 0.0124 0.04179
2 0.29314 0.54621 0.02879 0.035
2 0.16357 0.54791 0.02799 0.03976
3 0.24685 0.79596 0.02779 0.06014
3 0.11248 0.79766 0.0238 0.05674
2 0.13277 0.82178 0.014 0.01529
2 0.36703 0.80768 0.0106 0.02922
4 0.55279 0.80734 0.0158 0.05912
0 0.70686 0.81329 0.05319 0.04791
3 0.4883 0.87428 0.0188 0.06932
8 0.63887 0.60856 0.27195 0.15291
8 0.27994 0.75637 0.27195 0.1597
8 0.09848 0.60007 0.08098 0.14611
8 0.91432 0.60941 0.09298 0.14781
5 0.86533 0.45821 0.021 0.13761