0 0.21333 0.42655 0.02257 0.13374
0 0.13165 0.28673 0.02257 0.11753
0 0.17249 0.27204 0.02257 0.11854
0 0.37131 0.72796 0.02687 0.12867
0 0.41456 0.72746 0.02526 0.12969
0 0.45298 0.72188 0.03009 0.11651
0 0.49597 0.42958 0.02472 0.11753
0 0.57603 0.30294 0.03439 0.07295
0 0.0583 0.88652 0.02311 0.09726
0 0.09081 0.87943 0.01934 0.12563
0 0.85545 0.7305 0.02149 0.12158
0 0.94035 0.14894 0.03224 0.11753
0 0.94062 0.57649 0.02096 0.14184
0 0.97931 0.57751 0.02096 0.13982
0 0.8979 0.89767 0.02149 0.07295
0 0.85707 0.86322 0.02042 0.06282
0 0.1381 0.56738 0.02472 0.07497
0 0.18001 0.58055 0.01612 0.06484
0 0.90059 0.72847 0.01934 0.07295
0 0.73536 0.58257 0.0274 0.11753
0 0.61741 0.44377 0.02042 0.1074
0 0.65717 0.43414 0.02579 0.12665
0 0.49382 0.72391 0.02472 0.12259
0 0.53815 0.72999 0.02418 0.14083
0 0.57711 0.72796 0.01934 0.13678
0 0.61231 0.72594 0.02955 0.0922
0 0.61795 0.87487 0.02149 0.13273
0 0.65798 0.88399 0.02311 0.10841
0 0.6561 0.72796 0.02257 0.1307
0 0.97394 0.29331 0.02848 0.10436
0 0.61634 0.13374 0.02579 0.12766
0 0.25416 0.4306 0.02364 0.11753
0 0.37399 0.28267 0.02149 0.12563
0 0.2144 0.13678 0.01612 0.12969
0 0.2504 0.13171 0.02364 0.11348
7 0.4554 0.44985 0.02096 0.07903
7 0.41483 0.28217 0.01505 0.06383
0 0.85948 0.43161 0.02955 0.12766
0 0.90408 0.41692 0.02633 0.1003
0 0.6166 0.28825 0.02633 0.11854
7 0.29608 0.87487 0.10532 0.14286
7 0.29554 0.28977 0.02794 0.42756
7 0.33799 0.30294 0.03761 0.4539
7 0.65744 0.21327 0.03385 0.28065
7 0.71494 0.28014 0.08006 0.14286
7 0.57738 0.57801 0.10586 0.14691
7 0.41886 0.56839 0.04245 0.08713