2 0.46448 0.1223 0.00946 0.0247
7 0.91014 0.07011 0.00732 0.0247
0 0.95074 0.19746 0.04069 0.04419
5 0.25924 0.27088 0.00839 0.07133
3 0.32786 0.16806 0.00964 0.03549
3 0.14287 0.4412 0.01303 0.0334
3 0.14947 0.37474 0.01874 0.04662
5 0.82483 0.40136 0.00589 0.03027
3 0.68276 0.73956 0.02302 0.06576
2 0.69561 0.66841 0.01196 0.02157
2 0.70676 0.68946 0.00892 0.0261
0 0.37043 0.7039 0.02302 0.07376
2 0.17187 0.56507 0.00892 0.02992
0 0.14394 0.53566 0.06657 0.02958
8 0.06166 0.89457 0.08192 0.15031
0 0.14358 0.87944 0.02088 0.0254
0 0.14528 0.91162 0.01999 0.02227
0 0.31242 0.93963 0.02588 0.04628
0 0.94797 0.88709 0.03837 0.13326
5 0.53605 0.57916 0.08228 0.16249
0 0.93923 0.40049 0.08335 0.12178
5 0.42004 0.65832 0.02481 0.34029