7 0.25721 0.29664 0.02014 0.06932
7 0.41835 0.89042 0.03321 0.07645
7 0.13419 0.13405 0.02341 0.05199
7 0.86663 0.15596 0.03048 0.06524
7 0.81873 0.8894 0.02177 0.0948
7 0.77409 0.86901 0.02504 0.11519
2 0.17828 0.43017 0.01361 0.12844
2 0.07812 0.2895 0.06369 0.12232
2 0.49673 0.72324 0.02014 0.14373
7 0.2368 0.57951 0.06315 0.12742
7 0.15542 0.72987 0.0724 0.12844
7 0.63854 0.87819 0.06968 0.1315
7 0.07812 0.87615 0.06696 0.12742
7 0.23272 0.87819 0.07458 0.1315
7 0.39711 0.58359 0.07458 0.12742
7 0.39875 0.28389 0.06913 0.12946
7 0.49238 0.4261 0.02994 0.1366
7 0.8797 0.43374 0.07403 0.14169
7 0.52123 0.71814 0.15841 0.11315
7 0.88051 0.72783 0.08002 0.14067
7 0.95645 0.58002 0.06206 0.13863
7 0.64017 0.57594 0.07077 0.13048
7 0.47496 0.14373 0.06913 0.12844
7 0.37507 0.87462 0.03919 0.11213
7 0.7172 0.36137 0.05825 0.2844
7 0.71829 0.73191 0.06805 0.11417