3 0.36025 0.66482 0.00859 0.01943
4 0.56444 0.85045 0.04173 0.0805
6 0.56242 0.85479 0.04436 0.0746
0 0.95739 0.36138 0.05225 0.04892
0 0.46405 0.31888 0.04927 0.0465
5 0.94503 0.65302 0.07768 0.034
8 0.23032 0.10496 0.07943 0.15302
0 0.54691 0.30187 0.08136 0.07356
0 0.54743 0.46114 0.07435 0.08189
8 0.62835 0.26319 0.08154 0.15094
8 0.70577 0.89382 0.0775 0.14712
8 0.1529 0.10704 0.07926 0.14885
8 0.82649 0.57755 0.16395 0.15094
10 0.54699 0.58067 0.07943 0.16135
10 0.54892 0.58362 0.2383 0.15545
10 0.3122 0.73161 0.39611 0.14885
10 0.46905 0.57651 0.39593 0.16135
10 0.31387 0.89504 0.38681 0.15718
10 0.78669 0.25711 0.24145 0.14712