1 0.53218 0.15791 0.01473 0.02328
3 0.48654 0.12507 0.01321 0.03164
1 0.42506 0.42791 0.00745 0.01821
6 0.36943 0.83612 0.02388 0.11761
1 0.27875 0.34209 0.00948 0.01791
1 0.12591 0.14493 0.0066 0.01761
1 0.12447 0.11716 0.01456 0.02299
1 0.19763 0.71597 0.0105 0.0194
7 0.50271 0.83657 0.00728 0.00985
7 0.50246 0.86239 0.00847 0.01313
3 0.73506 0.75134 0.01169 0.04119
3 0.96156 0.49522 0.00881 0.02328
1 0.20034 0.79731 0.00542 0.01373
1 0.27621 0.82537 0.00847 0.01791
1 0.20305 0.82478 0.00508 0.01493
1 0.49873 0.70224 0.00711 0.01582
1 0.49966 0.7306 0.00931 0.0194
1 0.57375 0.70881 0.00677 0.01701
1 0.5735 0.73134 0.00796 0.02388
1 0.72684 0.68582 0.01016 0.01761
1 0.72794 0.70955 0.00694 0.01493
1 0.34725 0.66851 0.0083 0.01403
7 0.94378 0.24806 0.00711 0.01612