2 0.85927 0.5715 0.0755 0.47495
8 0.8599 0.57481 0.08246 0.48991
8 0.93816 0.57289 0.08371 0.15414
6 0.13841 0.88344 0.0755 0.14057
6 0.53284 0.88605 0.07621 0.15414
1 0.71132 0.53671 0.0473 0.08942
1 0.55104 0.36465 0.04123 0.05358
3 0.08495 0.3977 0.0232 0.03619
10 0.93682 0.94415 0.08103 0.0428
10 0.64269 0.89074 0.02392 0.1524
10 0.48206 0.89144 0.02392 0.07376
10 0.80198 0.89475 0.02945 0.16875
10 0.05854 0.5127 0.06247 0.03862
10 0.03935 0.10247 0.05015 0.14997
10 0.37087 0.64388 0.03498 0.02262
7 0.31421 0.59221 0.00946 0.02157
7 0.2106 0.62161 0.01785 0.02401
7 0.2919 0.25296 0.00767 0.03062
7 0.24558 0.5207 0.01642 0.01983
7 0.16384 0.45772 0.00678 0.01218
7 0.29493 0.90084 0.0755 0.10299
7 0.80573 0.19276 0.01374 0.03619
7 0.77753 0.48991 0.0755 0.30619
7 0.94744 0.5588 0.05979 0.10717
7 0.91451 0.40501 0.01856 0.03201
10 0.05711 0.90084 0.07353 0.10856
3 0.11895 0.72408 0.04194 0.15101
10 0.46413 0.4993 0.02267 0.01461
10 0.63511 0.50383 0.0116 0.01879
10 0.44672 0.17676 0.02463 0.03619
10 0.53355 0.66719 0.01588 0.03236
10 0.62931 0.33681 0.05354 0.03479
5 0.33652 0.25957 0.01731 0.15658
5 0.41692 0.33542 0.1517 0.03758
5 0.05131 0.64301 0.06586 0.03479
5 0.05916 0.32794 0.07621 0.0254