7 0.06045 0.13627 0.01773 0.03343
7 0.13434 0.15299 0.01612 0.02634
7 0.63138 0.11348 0.01075 0.03445
7 0.61392 0.17882 0.01236 0.03546
0 0.81381 0.08764 0.01343 0.02938
0 0.82805 0.18085 0.01505 0.03141
7 0.93928 0.12969 0.01934 0.03647
7 0.9828 0.25937 0.01075 0.02229
7 0.94358 0.26596 0.00752 0.02128
7 0.741 0.25684 0.00752 0.02128
7 0.69828 0.30547 0.01988 0.02736
0 0.5849 0.32573 0.01451 0.02736
0 0.41591 0.31054 0.01612 0.03141
7 0.30118 0.29179 0.00699 0.02229
0 0.09484 0.33232 0.01236 0.02229
7 0.1518 0.43212 0.08436 0.14894
7 0.32751 0.48075 0.01236 0.02938
7 0.37507 0.4387 0.01934 0.05066
7 0.4151 0.45238 0.01343 0.02736
7 0.57308 0.39818 0.00806 0.02229
7 0.61526 0.47568 0.01397 0.02128
7 0.52526 0.44276 0.01021 0.01824
7 0.90193 0.4306 0.01021 0.02432
7 0.96964 0.59625 0.01881 0.04154
7 0.7367 0.58004 0.01505 0.03141
7 0.41698 0.53242 0.00967 0.0233
7 0.36969 0.63576 0.00967 0.01722
7 0.13165 0.63222 0.01075 0.02026
7 0.17329 0.70973 0.01451 0.03343
7 0.2144 0.77052 0.0086 0.02128
7 0.37426 0.67477 0.01021 0.02229
7 0.46158 0.68288 0.00967 0.02026
7 0.48791 0.71631 0.00967 0.02432
7 0.50269 0.70719 0.00699 0.01824
0 0.61768 0.7077 0.01451 0.02938
0 0.65744 0.72036 0.01988 0.04255
0 0.77754 0.68186 0.01075 0.02837
7 0.91698 0.72442 0.01021 0.02229
7 0.84847 0.87437 0.0129 0.03445
7 0.82026 0.92553 0.00913 0.02128
0 0.6569 0.85157 0.01451 0.03141
7 0.54433 0.8384 0.01397 0.02736
7 0.56609 0.89868 0.01021 0.02432
7 0.4597 0.87285 0.01558 0.02938
7 0.38044 0.83333 0.01934 0.03951
0 0.21333 0.85461 0.0172 0.0233
7 0.13434 0.88804 0.01505 0.04154
8 0.07254 0.64742 0.0763 0.57345
7 0.19371 0.72948 0.14777 0.12969
7 0.5798 0.58561 0.19452 0.154
7 0.68431 0.43161 0.16067 0.13576
2 0.43337 0.28875 0.14025 0.1459
7 0.41644 0.74316 0.02794 0.43668
7 0.79473 0.57548 0.07415 0.13374
7 0.15529 0.58612 0.07093 0.12665
7 0.6201 0.87234 0.01612 0.12969
8 0.95916 0.79686 0.0763 0.29483
8 0.51693 0.13323 0.16335 0.14691
8 0.32106 0.57953 0.08221 0.7234