6 0.22219 0.13222 0.01558 0.13475
0 0.29447 0.09169 0.01505 0.02128
2 0.33665 0.1388 0.00913 0.12766
0 0.33235 0.13222 0.00699 0.01114
7 0.55669 0.57751 0.23106 0.13779
7 0.19237 0.72948 0.15368 0.11145
7 0.43686 0.87487 0.14293 0.11449
7 0.47582 0.7229 0.07577 0.12057
7 0.91779 0.87335 0.14401 0.13171
7 0.76142 0.72746 0.15153 0.11955
7 0.75712 0.42908 0.14293 0.11651
7 0.91859 0.57649 0.1467 0.13576
7 0.63675 0.2766 0.06878 0.13576
7 0.47689 0.13526 0.07362 0.12867
7 0.19398 0.57396 0.15476 0.1307
7 0.14643 0.42452 0.07254 0.13171
7 0.07281 0.28116 0.06717 0.12665
7 0.47609 0.42503 0.06985 0.14286
7 0.31354 0.42452 0.07469 0.13576
7 0.23563 0.28166 0.07899 0.12563
7 0.39844 0.28673 0.07362 0.13576
7 0.21064 0.87741 0.19774 0.11955
8 0.39387 0.87133 0.56636 0.14995