3 0.45769 0.41391 0.0775 0.13094
3 0.59878 0.43154 0.04553 0.06169
3 0.24509 0.37394 0.02033 0.04092
3 0.07533 0.72018 0.02242 0.04092
2 0.37654 0.84152 0.01668 0.03683
3 0.71208 0.67422 0.03475 0.04596
2 0.06308 0.82578 0.03371 0.05068
2 0.8556 0.38008 0.04726 0.05068
2 0.8093 0.23214 0.02033 0.05949
2 0.53858 0.70601 0.04049 0.1259
2 0.60904 0.64935 0.05977 0.04029
2 0.30973 0.36686 0.05404 0.05571
7 0.14613 0.14038 0.04935 0.12087
7 0.10999 0.38621 0.03858 0.06295
7 0.12485 0.51212 0.01442 0.03148
7 0.46186 0.28738 0.04726 0.07869