7 0.37559 0.46585 0.01546 0.02896
7 0.38532 0.12512 0.06273 0.14636
2 0.31277 0.12276 0.01286 0.13912
2 0.25665 0.11489 0.00869 0.13787
2 0.0795 0.10875 0.01268 0.13818
2 0.15778 0.10812 0.00869 0.13189
6 0.34692 0.83144 0.02068 0.13063
2 0.22068 0.40022 0.0285 0.12937
2 0.75804 0.42383 0.02415 0.12937
2 0.66933 0.45042 0.03093 0.07932
2 0.62441 0.4232 0.03666 0.0639
0 0.9199 0.71829 0.07089 0.13661
0 0.46221 0.83805 0.05213 0.1344
0 0.85613 0.57491 0.05282 0.15014
0 0.93397 0.14448 0.07228 0.14416