0 0.85143 0.72301 0.04483 0.08121
6 0.35656 0.84183 0.04414 0.13189
7 0.70104 0.17894 0.02068 0.04375
7 0.53345 0.47309 0.01599 0.03399
7 0.68957 0.46081 0.01268 0.01826
7 0.72042 0.49276 0.01251 0.02801
7 0.7702 0.36355 0.01164 0.01574
7 0.78897 0.36733 0.01164 0.02014
7 0.66473 0.88763 0.01199 0.02203
7 0.11859 0.39093 0.01442 0.01322
7 0.47958 0.5543 0.01077 0.017
3 0.5106 0.42225 0.02137 0.14573
3 0.55352 0.57287 0.02346 0.0831
7 0.69262 0.2186 0.00556 0.01228
7 0.67185 0.15376 0.01095 0.02298
7 0.71903 0.15848 0.00695 0.01731
7 0.8331 0.21813 0.01338 0.02077
3 0.72294 0.24473 0.00678 0.01479
0 0.18705 0.16509 0.01303 0.03053