2 0.2583 0.16336 0.00434 0.02203
0 0.26533 0.17579 0.00799 0.02487
2 0.2556 0.17973 0.00382 0.0107
2 0.29574 0.08074 0.00521 0.02172
2 0.36985 0.08499 0.00851 0.01826
2 0.39244 0.11473 0.00434 0.01857
2 0.44857 0.08672 0.00643 0.02361
2 0.47089 0.11819 0.00521 0.01668
0 0.50487 0.09097 0.00469 0.01133
0 0.69253 0.15014 0.04848 0.02455
2 0.71833 0.14621 0.00243 0.02172
0 0.58254 0.09191 0.00504 0.00881
0 0.60704 0.08042 0.00434 0.0085
0 0.75951 0.11095 0.00452 0.00598
0 0.76994 0.14448 0.00278 0.00692
0 0.76142 0.15612 0.00521 0.00944
0 0.75951 0.17989 0.00382 0.00787
0 0.76386 0.16903 0.00348 0.00818
0 0.78367 0.17123 0.00348 0.00692
0 0.78262 0.17548 0.00382 0.00724
0 0.75187 0.1769 0.00452 0.00692
0 0.749 0.18839 0.00469 0.00724
0 0.79401 0.1728 0.00504 0.00818
0 0.78679 0.18335 0.00452 0.00661
0 0.7854 0.20239 0.00417 0.00881
0 0.74778 0.15313 0.00504 0.00535
0 0.7457 0.15895 0.0033 0.0063
0 0.76255 0.07145 0.00573 0.00755
0 0.78236 0.08388 0.00469 0.00787
0 0.75882 0.12496 0.00487 0.00755
0 0.73771 0.10167 0.00434 0.00818
0 0.77741 0.18083 0.00417 0.00535
0 0.74726 0.0672 0.00782 0.0085
0 0.82198 0.0735 0.00469 0.0085
0 0.85013 0.09411 0.00434 0.0107
2 0.8788 0.0768 0.004 0.01574
0 0.95934 0.07523 0.00382 0.00567
0 0.86177 0.18854 0.00747 0.00944
0 0.15317 0.05115 0.00504 0.01039
0 0.17732 0.15895 0.00712 0.0063
0 0.64222 0.06358 0.00904 0.00755
0 0.72033 0.0661 0.0099 0.00755
2 0.69705 0.16981 0.00608 0.01605
2 0.68393 0.18083 0.00417 0.01668
0 0.82867 0.20633 0.00765 0.00661
0 0.88019 0.20884 0.0033 0.00661
0 0.96003 0.22647 0.00521 0.00598
5 0.77063 0.2005 0.07089 0.01511
2 0.06255 0.23623 0.00626 0.02613
2 0.08471 0.24127 0.00712 0.02487
2 0.07307 0.26267 0.00643 0.02046
2 0.06151 0.30138 0.00556 0.02172
0 0.08306 0.31649 0.0066 0.01353
2 0.21538 0.32263 0.00921 0.017
2 0.28315 0.25055 0.00539 0.02203
2 0.26403 0.33003 0.00504 0.00976
2 0.28262 0.26991 0.00539 0.01039
2 0.28063 0.27573 0.00348 0.0063
2 0.27915 0.28533 0.00469 0.00724
2 0.27984 0.29698 0.00747 0.01102
6 0.33154 0.26833 0.00452 0.01291
5 0.18853 0.2452 0.01043 0.0831
0 0.13319 0.23749 0.00365 0.01102
0 0.12911 0.23654 0.00417 0.00661
2 0.37272 0.22993 0.00521 0.02046
2 0.39114 0.21845 0.00556 0.04784
3 0.46916 0.26975 0.02328 0.14605
2 0.44335 0.25716 0.00434 0.01259
3 0.48723 0.24457 0.00382 0.0107
2 0.4861 0.3124 0.00747 0.02424
2 0.46255 0.31728 0.00452 0.017
0 0.53753 0.28155 0.01129 0.01731
0 0.5801 0.22773 0.00539 0.01228
3 0.62632 0.29493 0.00573 0.01133
3 0.64813 0.21671 0.00243 0.00598
0 0.58688 0.20743 0.00782 0.00441
0 0.68931 0.27746 0.03962 0.14448
0 0.72572 0.21199 0.004 0.0085
0 0.66394 0.209 0.00765 0.00755
3 0.78679 0.26047 0.00904 0.01731
0 0.78679 0.3423 0.00417 0.00535
0 0.77515 0.34986 0.00348 0.00472
0 0.7755 0.34608 0.00313 0.00346
0 0.80799 0.22065 0.00695 0.01763
2 0.76316 0.34278 0.00417 0.0107
0 0.88315 0.21939 0.00434 0.00755
0 0.88367 0.2271 0.0033 0.00598
3 0.89444 0.40038 0.01199 0.01826
2 0.86264 0.44208 0.00782 0.03053
2 0.86238 0.46742 0.00487 0.02014
2 0.91338 0.26896 0.00643 0.01857
0 0.35022 0.33491 0.0099 0.00504
0 0.4 0.33632 0.0066 0.00913
0 0.6099 0.34199 0.00695 0.00976
0 0.3801 0.28596 0.00434 0.00598
0 0.39027 0.25039 0.00348 0.00535
0 0.36924 0.27809 0.00417 0.00346
3 0.05152 0.41816 0.01164 0.01228
3 0.1278 0.39518 0.00643 0.04753
3 0.17559 0.45845 0.00747 0.01102
0 0.09201 0.46538 0.00678 0.00409
0 0.04153 0.46286 0.0066 0.00472
2 0.17811 0.36025 0.00452 0.02675
2 0.1576 0.41092 0.00834 0.02361
3 0.28323 0.42493 0.00973 0.01763
0 0.36116 0.34246 0.0033 0.00567
0 0.35969 0.34923 0.00382 0.00787
0 0.35925 0.35694 0.00191 0.00378
6 0.41121 0.41076 0.004 0.0107
2 0.35899 0.41942 0.00521 0.02235
2 0.39105 0.42273 0.00469 0.02518
2 0.40382 0.44712 0.00348 0.01542
0 0.3417 0.47183 0.01025 0.01196
0 0.41764 0.47561 0.00886 0.01763
0 0.54292 0.36449 0.00539 0.00818
0 0.49618 0.48096 0.00921 0.01196
0 0.57385 0.48111 0.00956 0.01479
2 0.54674 0.42997 0.004 0.02392
2 0.46838 0.42997 0.00712 0.0214
3 0.50921 0.44444 0.01407 0.04155
0 0.40686 0.47875 0.00712 0.00692
0 0.71103 0.37756 0.00973 0.01983
2 0.70417 0.43421 0.00573 0.02675
2 0.68315 0.45011 0.00573 0.0214
2 0.6603 0.45971 0.00556 0.01542
2 0.69027 0.3763 0.00712 0.01794
3 0.73719 0.39676 0.00712 0.01857
2 0.74344 0.40069 0.00504 0.01007
0 0.65213 0.48395 0.00765 0.01228
0 0.81425 0.48426 0.00556 0.00976
0 0.89818 0.50708 0.00452 0.00755
0 0.8119 0.46317 0.00504 0.00661
0 0.8139 0.44114 0.00556 0.00661
0 0.89253 0.46018 0.00469 0.01196
6 0.57698 0.41832 0.00434 0.00881
2 0.61651 0.41297 0.00626 0.01385
2 0.63275 0.42509 0.004 0.01165
2 0.63936 0.42509 0.00434 0.01291
2 0.62841 0.41171 0.004 0.01133
2 0.61347 0.42965 0.00434 0.01385
0 0.70182 0.47419 0.00487 0.00661
0 0.72268 0.48568 0.00348 0.00567
0 0.71833 0.49071 0.00973 0.00692
0 0.9417 0.43988 0.004 0.00472
2 0.94136 0.4605 0.00608 0.02518
3 0.96151 0.39235 0.00643 0.01039
0 0.83275 0.36654 0.00643 0.00913
0 0.81069 0.40148 0.00504 0.0085
6 0.65534 0.4498 0.00365 0.00944
6 0.655 0.42194 0.00678 0.01353
0 0.09175 0.52565 0.00695 0.00881
2 0.04726 0.51904 0.00834 0.02014
2 0.20304 0.53148 0.00539 0.02424
0 0.25152 0.54784 0.00434 0.01668
0 0.20556 0.56342 0.0066 0.0063
0 0.28514 0.48332 0.00695 0.01165
0 0.30869 0.58687 0.00539 0.01228
3 0.49739 0.61331 0.01546 0.02864
0 0.54674 0.57727 0.0033 0.00944
0 0.53371 0.59333 0.00539 0.0063
3 0.5523 0.57554 0.02589 0.07397
2 0.56994 0.61048 0.0066 0.03557
2 0.28149 0.53761 0.00869 0.01574
2 0.28097 0.5085 0.00591 0.01542
0 0.37984 0.59081 0.00591 0.00818
2 0.35908 0.5351 0.00747 0.01952
3 0.4212 0.49182 0.00452 0.0085
0 0.62632 0.5587 0.00608 0.00755
0 0.66603 0.50661 0.00382 0.0085
0 0.67046 0.55398 0.00365 0.00692
2 0.72937 0.57334 0.00504 0.01039
2 0.79878 0.55036 0.00452 0.01165
0 0.85039 0.55068 0.00626 0.01039
2 0.86803 0.58829 0.00712 0.01952
0 0.88488 0.63551 0.0033 0.00818
0 0.9351 0.63661 0.00261 0.0085
0 0.92824 0.63865 0.00348 0.00692
0 0.91607 0.63519 0.00521 0.0107
2 0.93823 0.53037 0.00851 0.02203
2 0.90851 0.53022 0.00712 0.02361
0 0.91659 0.73528 0.01321 0.01889
0 0.09157 0.61489 0.01112 0.0085
2 0.04405 0.66037 0.0099 0.01952
3 0.12911 0.66619 0.01807 0.02361
3 0.20217 0.66918 0.04188 0.07428
3 0.23692 0.68524 0.02693 0.05225
6 0.23284 0.7175 0.0139 0.0192
3 0.22693 0.74252 0.00834 0.03211
3 0.24761 0.73056 0.00487 0.02644
3 0.25195 0.72081 0.00695 0.01574
0 0.23658 0.77258 0.00712 0.01228
0 0.23736 0.82232 0.00556 0.01291
0 0.24466 0.83979 0.00834 0.01637
0 0.21877 0.80626 0.00556 0.01353
0 0.1881 0.75134 0.01025 0.0107
0 0.28393 0.74835 0.00487 0.00724
0 0.26334 0.75401 0.00434 0.01039
0 0.16203 0.6259 0.00608 0.00976
5 0.13944 0.7452 0.07524 0.01794
2 0.30912 0.7153 0.00521 0.04186
0 0.36977 0.64479 0.00556 0.00787
0 0.40599 0.68697 0.00504 0.00787
0 0.40747 0.73607 0.00348 0.01165
3 0.41599 0.76283 0.00243 0.00787
0 0.45517 0.71734 0.00261 0.00944
0 0.46273 0.71199 0.00348 0.00504
0 0.38593 0.73308 0.00382 0.00567
2 0.54205 0.71593 0.00469 0.02298
0 0.47237 0.74441 0.00886 0.01511
0 0.49592 0.72978 0.00556 0.01542
0 0.49374 0.75323 0.00539 0.00818
0 0.5563 0.76896 0.00886 0.00881
0 0.6318 0.77101 0.00765 0.00787
0 0.58262 0.76975 0.00799 0.00724
0 0.56777 0.75748 0.00469 0.02424
2 0.65769 0.74725 0.0073 0.02266
2 0.77672 0.72395 0.00695 0.02266
2 0.77585 0.75197 0.00695 0.02266
0 0.70626 0.77573 0.01407 0.00535
0 0.76038 0.69295 0.00417 0.01102
0 0.73223 0.77148 0.00521 0.0063
0 0.73597 0.71687 0.00539 0.0085
0 0.70765 0.68036 0.00573 0.01165
0 0.71946 0.64825 0.0033 0.00661
7 0.84057 0.71656 0.0735 0.14007
0 0.07011 0.78596 0.00539 0.00755
0 0.04961 0.83585 0.00712 0.01165
2 0.07654 0.83412 0.0033 0.02707
2 0.0583 0.78234 0.00434 0.02046
2 0.15361 0.83931 0.00348 0.02738
2 0.16299 0.8113 0.00626 0.02172
2 0.1576 0.80957 0.00382 0.02518
0 0.16264 0.78533 0.0066 0.01196
0 0.15413 0.81429 0.00487 0.01133
0 0.151 0.86434 0.00487 0.00567
0 0.32919 0.87756 0.004 0.01322
3 0.31972 0.79383 0.01216 0.02644
3 0.32424 0.82232 0.00938 0.03557
6 0.351 0.83506 0.03023 0.11709
3 0.4007 0.79446 0.01355 0.02707
3 0.40113 0.82436 0.00782 0.02707
0 0.41095 0.85096 0.00521 0.02738
0 0.49235 0.79572 0.00539 0.0107
4 0.41538 0.77494 0.01303 0.01511
5 0.48089 0.8401 0.01025 0.10324
5 0.55725 0.84246 0.00904 0.1023
5 0.6457 0.83931 0.00869 0.11048
6 0.64422 0.90132 0.00434 0.01039
2 0.74075 0.83837 0.0073 0.0192
0 0.49757 0.90494 0.00921 0.00881
0 0.25595 0.87598 0.00313 0.01322
0 0.63371 0.91438 0.00695 0.0063
0 0.5702 0.91029 0.00921 0.00692
0 0.82572 0.80831 0.0066 0.0063
0 0.87324 0.90006 0.00365 0.00787
0 0.82181 0.86229 0.00504 0.00724
0 0.90582 0.84954 0.00591 0.00944
0 0.90235 0.84293 0.00348 0.0063
0 0.89635 0.86843 0.00817 0.00818
2 0.93901 0.89471 0.00452 0.01857
2 0.93562 0.81618 0.00608 0.02644
0 0.88306 0.81177 0.00799 0.01007
3 0.91668 0.86387 0.00747 0.01165
5 0.91355 0.92477 0.07072 0.01385
8 0.06881 0.25464 0.07611 0.1429
8 0.28966 0.82169 0.08028 0.13377
8 0.06421 0.39692 0.07385 0.14416
8 0.0656 0.5384 0.07524 0.13377
8 0.0616 0.67155 0.07037 0.11929
8 0.14231 0.39629 0.07819 0.16116
8 0.06455 0.81791 0.07454 0.13629
8 0.13936 0.82499 0.0768 0.14542
8 0.44822 0.69342 0.07176 0.14164
8 0.52424 0.69799 0.07611 0.14825
8 0.68323 0.70255 0.0695 0.13912
8 0.76203 0.70711 0.07246 0.15329
8 0.67993 0.84215 0.07889 0.14322
8 0.61295 0.27762 0.07663 0.14416
8 0.93258 0.14322 0.0775 0.1429
8 0.92754 0.28596 0.0775 0.13503
8 0.92572 0.42776 0.08254 0.1429
8 0.91659 0.86182 0.0775 0.12213
8 0.83805 0.85002 0.0768 0.11929
8 0.91851 0.71624 0.07089 0.14322
8 0.0695 0.10828 0.07889 0.13912
8 0.14561 0.11221 0.08028 0.14699
8 0.22667 0.11678 0.08184 0.1429
8 0.29696 0.40415 0.07889 0.1536
8 0.30156 0.27101 0.07385 0.14668
8 0.69296 0.1333 0.07159 0.14699
8 0.8457 0.28093 0.07611 0.14825
8 0.44639 0.8368 0.07958 0.15077
8 0.14049 0.53856 0.07315 0.14164