7 0.15917 0.15581 0.0066 0.01385
7 0.47698 0.07727 0.0073 0.01479
10 0.8318 0.10891 0.07333 0.07995
2 0.35248 0.22584 0.00434 0.02487
2 0.50947 0.45074 0.00869 0.03336
7 0.85378 0.53226 0.00504 0.01196
2 0.81234 0.81177 0.00626 0.03148
2 0.81129 0.87079 0.0073 0.02864
2 0.73267 0.87158 0.00817 0.02266
2 0.66064 0.79918 0.01077 0.11835
2 0.57863 0.80123 0.00521 0.02487
7 0.53432 0.80689 0.00452 0.01353
7 0.4669 0.77573 0.00348 0.00913
6 0.35056 0.83569 0.04049 0.12842
2 0.26811 0.84608 0.00591 0.02014
2 0.26907 0.79257 0.00608 0.02014