1 0.65916 0.54463 0.00887 0.02621
6 0.33614 0.83013 0.02784 0.12475
5 0.42135 0.90959 0.0149 0.03683
5 0.73985 0.90793 0.0149 0.03683
5 0.8232 0.90826 0.0149 0.03683
5 0.26423 0.90494 0.0149 0.03683
5 0.10942 0.90693 0.0149 0.03683
5 0.17113 0.65909 0.0149 0.03683
5 0.80546 0.65743 0.0149 0.03683
5 0.88686 0.65246 0.0149 0.03683
5 0.50346 0.6143 0.0149 0.03683
5 0.42472 0.60833 0.0149 0.03683
5 0.42171 0.25448 0.01419 0.04645
5 0.88828 0.34788 0.0149 0.03683
5 0.80848 0.34954 0.0149 0.03683
5 0.16687 0.35385 0.0149 0.03683
5 0.08477 0.35816 0.0149 0.03683
5 0.10374 0.30773 0.0149 0.03683
5 0.18496 0.31105 0.0149 0.03683
5 0.26388 0.30674 0.0149 0.03683
5 0.34368 0.31105 0.0149 0.03683
5 0.42171 0.31304 0.0149 0.03683
5 0.58361 0.30441 0.0149 0.03683
5 0.90867 0.30474 0.0149 0.03683
5 0.89058 0.04894 0.0149 0.03683
5 0.80936 0.04827 0.0149 0.03683
5 0.73027 0.04761 0.0149 0.03683
5 0.64639 0.0496 0.0149 0.03683
5 0.56641 0.05325 0.0149 0.03683
5 0.48909 0.05524 0.0149 0.03683
5 0.40379 0.05524 0.0149 0.03683
5 0.32559 0.05392 0.0149 0.03683
5 0.24632 0.05325 0.0149 0.03683
5 0.1651 0.05657 0.0149 0.03683
5 0.08583 0.05657 0.0149 0.03683