7 0.33467 0.4243 0.01355 0.02329
7 0.35022 0.43736 0.01581 0.03557
2 0.4318 0.43075 0.01355 0.0406
7 0.55534 0.49071 0.01738 0.03022
7 0.77593 0.44854 0.02033 0.03211
7 0.70356 0.38495 0.02016 0.03336
7 0.29079 0.65958 0.02415 0.03683
7 0.24379 0.72269 0.01772 0.02455
7 0.33032 0.65596 0.0146 0.03211
7 0.48844 0.66824 0.01668 0.02518
7 0.47758 0.70035 0.02381 0.03085
7 0.56299 0.65345 0.02224 0.04092
7 0.53918 0.74788 0.02085 0.03274
7 0.26203 0.82924 0.01772 0.03683
2 0.29374 0.79556 0.01998 0.0362
6 0.34996 0.8327 0.04483 0.16147
2 0.12146 0.41737 0.01633 0.03714
7 0.44361 0.88244 0.02155 0.03368
7 0.43362 0.65172 0.01964 0.03746