5 0.11423 0.13567 0.01304 0.13284
5 0.19009 0.14239 0.01812 0.13791
5 0.26757 0.1397 0.0166 0.12478
6 0.32125 0.16881 0.01321 0.03433
5 0.34437 0.14164 0.0127 0.13284
5 0.42134 0.14731 0.01761 0.13224
5 0.49805 0.15104 0.01456 0.13134
5 0.57714 0.15358 0.01693 0.13522
5 0.65597 0.15403 0.0127 0.13075
5 0.73294 0.15851 0.01389 0.13731
5 0.81211 0.15821 0.01507 0.13791
5 0.89128 0.16254 0.01389 0.13045
5 0.88476 0.43672 0.01744 0.13134
5 0.96164 0.44179 0.01541 0.13075
5 0.10593 0.68119 0.02523 0.13075
5 0.18442 0.68821 0.02032 0.1394
5 0.26232 0.68851 0.01423 0.12925
5 0.41338 0.69821 0.01761 0.13672
5 0.49128 0.69851 0.01693 0.13313