8 0.22738 0.10916 0.07938 0.1514
8 0.54333 0.12053 0.07938 0.13385
4 0.69766 0.18145 0.04315 0.03736
8 0.07374 0.25162 0.07608 0.15367
8 0.14939 0.25536 0.0766 0.1514
8 0.22669 0.25861 0.0766 0.1501
8 0.46101 0.26722 0.07591 0.15237
8 0.53934 0.26917 0.0766 0.15367
8 0.61733 0.27225 0.07938 0.15724
8 0.69662 0.27599 0.07678 0.14977
8 0.7766 0.27794 0.0766 0.14847
8 0.85624 0.28216 0.0747 0.15237
8 0.93293 0.28736 0.07591 0.15757
9 0.0714 0.68957 0.07522 0.15757
9 0.14766 0.69526 0.0773 0.1436
9 0.22565 0.70143 0.07868 0.15854
6 0.35771 0.85185 0.03466 0.13515