7 0.05253 0.18909 0.01143 0.01937
0 0.09363 0.13914 0.01089 0.0316
7 0.2975 0.18451 0.01143 0.02039
0 0.41208 0.12334 0.02395 0.04281
0 0.58111 0.11009 0.01796 0.02446
0 0.57703 0.17686 0.01089 0.02345
0 0.85846 0.10805 0.01198 0.02854
0 0.89875 0.18043 0.01524 0.03058
0 0.96652 0.18349 0.01034 0.02854
0 0.90011 0.28338 0.01252 0.0265
0 0.69652 0.2579 0.01361 0.02854
0 0.46679 0.28899 0.01905 0.04587
7 0.30376 0.34353 0.01198 0.01631
7 0.16957 0.23598 0.00925 0.02141
7 0.33016 0.43578 0.01796 0.0316
7 0.9276 0.53313 0.0098 0.02039
0 0.45318 0.58919 0.02559 0.06932
7 0.2975 0.57288 0.01143 0.02446
7 0.30103 0.62029 0.00762 0.01937
7 0.05308 0.68145 0.01143 0.02956
0 0.09472 0.73293 0.0294 0.04077
0 0.20414 0.7054 0.0294 0.06524
7 0.24224 0.78491 0.00762 0.02039
7 0.61731 0.73394 0.03157 0.10194
0 0.94665 0.7844 0.02069 0.03568
7 0.98204 0.74567 0.00435 0.01529
0 0.90011 0.89959 0.01688 0.05199
7 0.51306 0.89959 0.00817 0.02548
7 0.33533 0.89297 0.01524 0.03058
7 0.34268 0.80887 0.00708 0.01733
7 0.30294 0.83588 0.01252 0.0367
7 0.17365 0.92304 0.01415 0.02548
7 0.79314 0.7263 0.07621 0.15189
7 0.4951 0.57798 0.03756 0.13048
7 0.71992 0.579 0.06913 0.14067
7 0.73625 0.28491 0.03647 0.14169
7 0.13636 0.8792 0.0245 0.13354
7 0.87752 0.58155 0.06424 0.13761
7 0.15052 0.579 0.06805 0.1366
7 0.85629 0.28186 0.03157 0.12946