6 0.35619 0.25694 0.0968 0.09276
6 0.45353 0.23747 0.09487 0.03825
6 0.55033 0.2346 0.08929 0.0325
6 0.42638 0.15978 0.0367 0.03182
6 0.38635 0.85206 0.02704 0.10359
2 0.94301 0.9416 0.07276 0.07549
2 0.7712 0.93568 0.02704 0.07177
2 0.69682 0.91808 0.01395 0.07651
2 0.36553 0.72224 0.04636 0.02945
5 0.20562 0.40386 0.0146 0.10291
5 0.30361 0.40504 0.01395 0.10054
5 0.40116 0.41317 0.01674 0.11476
5 0.49217 0.70752 0.01588 0.09411
5 0.69854 0.11408 0.01181 0.12999
5 0.59948 0.10968 0.02146 0.13202
5 0.6921 0.59885 0.01524 0.1476
2 0.95439 0.24052 0.07748 0.06669
2 0.74329 0.37492 0.06225 0.02268
2 0.5542 0.84986 0.0777 0.02742
2 0.21882 0.83835 0.01181 0.02404
2 0.08339 0.89472 0.05817 0.02708