4 0.15614 0.33955 0.01727 0.0391
7 0.73497 0.30612 0.01964 0.03194
7 0.69695 0.35985 0.01643 0.02119
7 0.66537 0.30418 0.02269 0.02806
2 0.94064 0.53433 0.02218 0.03164
7 0.86969 0.52672 0.01812 0.02597
7 0.8138 0.69746 0.01914 0.03313
7 0.67257 0.69552 0.01507 0.02388
7 0.75284 0.67851 0.01473 0.02985
7 0.33912 0.61657 0.02185 0.03313
2 0.40135 0.32701 0.01693 0.03373
2 0.49721 0.40672 0.01355 0.02716
6 0.37273 0.83209 0.04403 0.13403
2 0.19924 0.86672 0.01473 0.03313
2 0.07087 0.76 0.01169 0.02925
7 0.85572 0.5709 0.02405 0.03194
7 0.69018 0.63597 0.01575 0.02657
7 0.47993 0.10478 0.01693 0.03104
7 0.48942 0.1406 0.01558 0.02328
7 0.78129 0.10284 0.01575 0.02597