5 0.35665 0.29045 0.03116 0.14925
5 0.19475 0.42299 0.02981 0.14687
5 0.20525 0.28388 0.04674 0.1409
5 0.19949 0.14478 0.04742 0.12299
5 0.11956 0.1394 0.03522 0.12896
5 0.12633 0.27731 0.02981 0.13493
5 0.12159 0.40806 0.03929 0.12418
5 0.1243 0.55254 0.03522 0.14328
5 0.19543 0.55612 0.03793 0.12179
5 0.12125 0.6803 0.03319 0.13373
5 0.11922 0.82299 0.04539 0.15881
5 0.27367 0.41522 0.03997 0.1194
5 0.27468 0.29522 0.02845 0.11582
5 0.3492 0.14896 0.03251 0.12657
5 0.27299 0.14836 0.03251 0.12657
5 0.2713 0.5597 0.03251 0.12657
5 0.34615 0.56269 0.03251 0.12657
5 0.34852 0.42119 0.03251 0.12657
5 0.34547 0.68925 0.03251 0.12657
5 0.2713 0.69224 0.03251 0.12657
5 0.19238 0.69164 0.03251 0.12657
5 0.19475 0.82597 0.03251 0.12657
5 0.26825 0.82418 0.03251 0.12657
5 0.34174 0.82358 0.03251 0.12657
5 0.42134 0.83015 0.03251 0.12657
5 0.42303 0.69463 0.03251 0.12657
5 0.42608 0.54358 0.03251 0.12657
5 0.05724 0.5394 0.03251 0.12657
5 0.05419 0.82299 0.03251 0.12657
5 0.0613 0.27194 0.03251 0.12657
5 0.42879 0.29045 0.03251 0.12657
5 0.42371 0.14657 0.03251 0.12657
5 0.42269 0.43254 0.03251 0.12657
5 0.51177 0.29463 0.03251 0.12657
5 0.49585 0.44448 0.03251 0.12657
5 0.50635 0.57881 0.03251 0.12657
5 0.49856 0.70239 0.03251 0.12657
5 0.49822 0.84746 0.03251 0.12657
5 0.57782 0.83373 0.03251 0.12657
5 0.57951 0.70418 0.03251 0.12657
5 0.58527 0.56746 0.03251 0.12657
5 0.58222 0.42955 0.03251 0.12657
5 0.58527 0.28328 0.03251 0.12657
5 0.66757 0.29343 0.03251 0.12657
5 0.65572 0.5591 0.03251 0.12657
5 0.65538 0.43194 0.03251 0.12657
5 0.65165 0.7 0.03251 0.12657
5 0.65199 0.84746 0.03251 0.12657
5 0.72752 0.70716 0.03251 0.12657
5 0.71837 0.85821 0.03251 0.12657
5 0.73294 0.55433 0.03251 0.12657
5 0.73734 0.41284 0.03251 0.12657
5 0.74581 0.28209 0.03251 0.12657
5 0.81863 0.30776 0.03251 0.12657
5 0.81084 0.44448 0.03251 0.12657
5 0.90059 0.30776 0.03251 0.12657
5 0.96528 0.16269 0.03251 0.12657
5 0.90262 0.16328 0.03251 0.12657
5 0.82371 0.15552 0.03251 0.12657
5 0.82337 0.15493 0.03251 0.12657
5 0.89145 0.5794 0.03251 0.12657
5 0.89517 0.44149 0.03251 0.12657
5 0.88264 0.70836 0.03251 0.12657
5 0.81592 0.57403 0.03251 0.12657
5 0.80677 0.71075 0.03251 0.12657
5 0.8823 0.70776 0.03251 0.12657
1 0.75495 0.80627 0.01863 0.05254