6 0.85351 0.28306 0.07848 0.15296
2 0.94105 0.14391 0.05895 0.10757
5 0.87696 0.07796 0.0368 0.04408
3 0.94402 0.52155 0.02476 0.02796
0 0.91114 0.47845 0.04238 0.05559
0 0.91149 0.63273 0.04831 0.05296
5 0.91856 0.9403 0.04883 0.02796
0 0.81522 0.91612 0.02494 0.07829
0 0.84243 0.79786 0.07238 0.0773
0 0.84208 0.64424 0.06784 0.05822
0 0.83702 0.1773 0.04552 0.06316
0 0.83441 0.48224 0.04831 0.04803
0 0.87025 0.38158 0.03837 0.04934
5 0.75384 0.48092 0.04831 0.04803
5 0.718 0.83207 0.01674 0.05164
0 0.62042 0.42911 0.03889 0.07862
0 0.47218 0.21859 0.03087 0.04178
5 0.37286 0.9125 0.07639 0.05066
5 0.40173 0.21974 0.02947 0.04934
0 0.21896 0.40954 0.0368 0.08487
0 0.19105 0.75938 0.02006 0.04309
0 0.124 0.76135 0.0429 0.04178
5 0.08641 0.65888 0.03226 0.04934
5 0.03514 0.44046 0.02215 0.08882
0 0.32028 0.22155 0.03017 0.05559
0 0.31819 0.31151 0.03157 0.04539
5 0.45439 0.68914 0.04622 0.0875
5 0.77843 0.54556 0.05703 0.07336