2 0.06267 0.10167 0.0144 0.03711
2 0.08385 0.14416 0.0144 0.05974
2 0.09867 0.09573 0.01906 0.02746
2 0.05759 0.19332 0.01101 0.03562
2 0.07463 0.23043 0.02181 0.0334
2 0.11465 0.23284 0.02266 0.03599
2 0.09856 0.27996 0.03832 0.06345
2 0.07029 0.36809 0.01567 0.04304
2 0.0956 0.41725 0.01715 0.05974
2 0.08046 0.47106 0.0144 0.04045
2 0.1137 0.46865 0.01228 0.03117
2 0.06437 0.48961 0.01228 0.04935
2 0.05897 0.55306 0.01927 0.05603
2 0.08596 0.55065 0.01863 0.04675
2 0.06511 0.61874 0.01927 0.0538
2 0.0938 0.68942 0.01779 0.06827
2 0.07855 0.73432 0.00889 0.02894
2 0.11222 0.74045 0.00678 0.02857
2 0.09348 0.86605 0.03367 0.0334
2 0.15869 0.7679 0.07643 0.04341
2 0.13339 0.82672 0.01355 0.05269
2 0.18092 0.81985 0.01842 0.0731
2 0.1516 0.87273 0.03218 0.02523
2 0.16684 0.68534 0.03007 0.06679
2 0.15975 0.63636 0.03748 0.03117
2 0.1733 0.73562 0.03621 0.03599
2 0.16758 0.50445 0.05484 0.03822
2 0.13297 0.56067 0.0144 0.05269
2 0.16547 0.42375 0.05187 0.0564
2 0.17235 0.35436 0.04912 0.06085
2 0.17277 0.28256 0.04023 0.06568
2 0.18971 0.22319 0.0144 0.02857
2 0.15911 0.14601 0.01715 0.06122
2 0.15499 0.09647 0.047 0.0334
2 0.2383 0.09814 0.01969 0.02263
2 0.24444 0.20464 0.06204 0.04193
2 0.24952 0.24007 0.0506 0.0334
2 0.2509 0.28794 0.04235 0.06456
2 0.23523 0.36382 0.02456 0.04416
2 0.2239 0.43098 0.01292 0.06345
2 0.25397 0.42913 0.02266 0.06939
2 0.23894 0.50742 0.07432 0.04193
2 0.23449 0.56382 0.06542 0.04935
2 0.22189 0.62597 0.02371 0.03488
2 0.23618 0.69369 0.07305 0.05751
2 0.23798 0.75714 0.06013 0.06716
2 0.21565 0.8295 0.03621 0.0538
2 0.24275 0.87625 0.03282 0.03006
2 0.32363 0.09759 0.03748 0.02152
2 0.29674 0.20594 0.03282 0.03933
2 0.34554 0.20705 0.01016 0.03488
2 0.32194 0.28442 0.0506 0.06716
2 0.31516 0.34712 0.07643 0.03228
2 0.30997 0.37421 0.02117 0.03599
2 0.31347 0.42913 0.06627 0.06197
2 0.31378 0.51113 0.07368 0.0397
2 0.38852 0.51187 0.07707 0.03822
2 0.46602 0.51651 0.07368 0.04527
2 0.54319 0.52059 0.07516 0.03711
2 0.61836 0.50037 0.01927 0.06122
2 0.69384 0.50761 0.02371 0.06605
2 0.77652 0.48701 0.08533 0.0397
2 0.78266 0.52245 0.04976 0.02894
2 0.84914 0.51002 0.02181 0.06345
2 0.92547 0.50816 0.02117 0.07161
2 0.28128 0.5603 0.01419 0.06085
2 0.30658 0.55417 0.01694 0.06122
2 0.33496 0.57829 0.01355 0.0538
2 0.31061 0.68646 0.02795 0.05492
2 0.3141 0.74323 0.04849 0.03711
2 0.32162 0.87384 0.03345 0.03933
2 0.39096 0.87737 0.06161 0.03451
2 0.46062 0.87737 0.07389 0.03451
2 0.54658 0.88998 0.02731 0.02857
2 0.62238 0.88646 0.02731 0.04082
2 0.68262 0.89314 0.04108 0.03711
2 0.77377 0.89536 0.01588 0.02301
4 0.71914 0.89406 0.01969 0.04193
2 0.95268 0.89889 0.01292 0.0397
2 0.93362 0.78757 0.05526 0.07532
2 0.85814 0.80445 0.04362 0.04453
2 0.78298 0.79666 0.04658 0.04082
2 0.65933 0.77328 0.03684 0.0757
2 0.59888 0.75362 0.04298 0.04082
2 0.55791 0.76011 0.03218 0.04935
2 0.46877 0.76085 0.04362 0.05751
2 0.38133 0.74694 0.05886 0.03933
2 0.35814 0.81818 0.0108 0.06234
2 0.42092 0.80686 0.01228 0.0872
2 0.4531 0.82894 0.01779 0.07199
2 0.52721 0.8397 0.02795 0.05714
2 0.62725 0.83544 0.01927 0.06345
2 0.59549 0.84583 0.00868 0.04787
2 0.84544 0.76197 0.07453 0.03822
5 0.88196 0.71391 0.00826 0.06234
2 0.92568 0.57941 0.07114 0.06568
2 0.8574 0.57829 0.06161 0.06345
2 0.45374 0.61354 0.03557 0.03599
2 0.41457 0.63135 0.0144 0.04787
2 0.36672 0.6397 0.00889 0.0334
2 0.40218 0.10297 0.02943 0.03228
2 0.45098 0.11206 0.01779 0.04304
2 0.52721 0.1102 0.0144 0.02968
2 0.57262 0.11447 0.01503 0.03599
2 0.93733 0.12579 0.0614 0.03488
2 0.93256 0.22449 0.07643 0.03562
2 0.85465 0.22449 0.07516 0.0334
2 0.77271 0.22208 0.03409 0.03822
2 0.68939 0.21837 0.04785 0.03822
2 0.60745 0.21299 0.02033 0.03711
2 0.63985 0.23469 0.02795 0.07532
2 0.60788 0.10891 0.03345 0.02041
2 0.69892 0.16345 0.01355 0.06716
2 0.6552 0.16234 0.00826 0.05751
2 0.55791 0.23766 0.02922 0.05529
2 0.48073 0.218 0.0307 0.0538
2 0.46094 0.16957 0.01143 0.05269
2 0.41658 0.22505 0.02266 0.07087
2 0.40186 0.29258 0.03981 0.06939
2 0.37212 0.22635 0.01037 0.06827
2 0.47798 0.29388 0.04722 0.06234
2 0.43193 0.36698 0.02456 0.06456
2 0.48349 0.34954 0.04976 0.02746
2 0.5559 0.30056 0.04298 0.0564
2 0.63413 0.30353 0.04108 0.06456
2 0.62661 0.35306 0.02731 0.03006
2 0.72422 0.25751 0.01757 0.03711
2 0.70241 0.30223 0.04637 0.06716
2 0.80351 0.25807 0.01779 0.03599
2 0.78605 0.30649 0.04044 0.0705
2 0.77885 0.36085 0.02858 0.02857
2 0.84311 0.29165 0.01228 0.09573
2 0.8755 0.29091 0.03091 0.10909
2 0.85634 0.35918 0.01292 0.03488
2 0.94993 0.30835 0.03197 0.06456
2 0.91478 0.30649 0.02477 0.07273
2 0.93256 0.36104 0.01376 0.0334
2 0.96263 0.25788 0.00953 0.03117
2 0.91584 0.39685 0.01419 0.04045
2 0.90049 0.44768 0.01779 0.0538
2 0.93839 0.44768 0.01016 0.04416
2 0.93765 0.63098 0.01715 0.03228
0 0.90387 0.63265 0.02033 0.02894
2 0.84311 0.42319 0.01651 0.09314
0 0.84247 0.44063 0.06013 0.06345
2 0.8844 0.17124 0.01143 0.06345
2 0.82289 0.44119 0.0252 0.06234
2 0.77853 0.58182 0.05928 0.05863
2 0.75704 0.65844 0.02731 0.03451
2 0.79939 0.65529 0.0108 0.03117
2 0.76487 0.70575 0.0252 0.05492
2 0.7635 0.75603 0.05251 0.03599
2 0.68431 0.65288 0.03472 0.02635
2 0.6642 0.70315 0.01906 0.06234
2 0.61878 0.70501 0.04171 0.06085
2 0.62344 0.65306 0.05526 0.0334
2 0.63921 0.5692 0.03091 0.06976
2 0.72083 0.57514 0.01376 0.06456
2 0.68262 0.57588 0.01228 0.0564
2 0.67267 0.43284 0.02922 0.06716
2 0.71268 0.43043 0.02456 0.05492
2 0.7491 0.43506 0.02795 0.06716
2 0.78943 0.43636 0.01969 0.06011
2 0.70506 0.77013 0.04362 0.04787
2 0.52964 0.65176 0.03832 0.03377
2 0.5361 0.70315 0.02668 0.06456
2 0.56235 0.70204 0.01651 0.06456
2 0.50942 0.70983 0.0144 0.04453
2 0.53335 0.77384 0.01694 0.02412
2 0.45924 0.69239 0.04785 0.05492
2 0.40832 0.69128 0.01419 0.04082
2 0.55696 0.57217 0.02731 0.06605
2 0.54298 0.61763 0.07305 0.03451
2 0.51556 0.57514 0.02117 0.05046
2 0.54531 0.48479 0.0163 0.03451
2 0.51122 0.48126 0.01503 0.03711
2 0.51419 0.4334 0.01419 0.06085
2 0.46739 0.47941 0.0163 0.03859
2 0.39466 0.47588 0.01694 0.03377
2 0.36354 0.42968 0.01779 0.05863
2 0.40663 0.42616 0.02308 0.08275
2 0.47967 0.42913 0.0163 0.05529
2 0.44622 0.43562 0.03155 0.06827
2 0.4025 0.36865 0.02329 0.03006