8 0.05266 0.58308 0.03654 0.14286
8 0.09296 0.5846 0.04084 0.1459
8 0.05212 0.87285 0.03761 0.14691
8 0.09242 0.87791 0.03976 0.14691
8 0.45701 0.72898 0.0403 0.14083
8 0.33557 0.87487 0.04245 0.14286
8 0.29312 0.87538 0.0403 0.14792
8 0.47609 0.28673 0.0806 0.43566
8 0.95701 0.27964 0.0806 0.14792
8 0.23294 0.72644 0.08114 0.15198
8 0.55696 0.43212 0.07899 0.14488
8 0.63702 0.79889 0.08114 0.29686
8 0.71843 0.58004 0.07953 0.14083
8 0.63702 0.13627 0.08114 0.14083
8 0.87722 0.13678 0.07899 0.14184
8 0.23348 0.36221 0.07899 0.29483
8 0.31435 0.57801 0.08168 0.15502
8 0.87802 0.7999 0.08168 0.29078
8 0.95809 0.57953 0.07953 0.1459
8 0.77781 0.43212 0.03708 0.14286
8 0.8302 0.49443 0.01505 0.02837
7 0.25094 0.71935 0.0129 0.02229
7 0.54675 0.42249 0.01343 0.02837
7 0.73348 0.45947 0.00967 0.02938
7 0.89011 0.67427 0.01128 0.0233
7 0.97448 0.6155 0.01451 0.02533
7 0.20876 0.40578 0.01666 0.03546
7 0.61875 0.92452 0.01881 0.03749
7 0.20527 0.73506 0.0172 0.03749
7 0.7496 0.27812 0.01182 0.02533
7 0.62789 0.11044 0.01021 0.04458
7 0.32536 0.56332 0.01343 0.02837
0 0.09511 0.5694 0.03654 0.08511
7 0.51155 0.43009 0.01182 0.02533
7 0.61875 0.83384 0.01021 0.02634
2 0.82241 0.84195 0.01236 0.09119
2 0.16711 0.87487 0.01075 0.14488
2 0.54218 0.58004 0.0129 0.14691
2 0.12789 0.87538 0.01397 0.1459
2 0.05642 0.731 0.01182 0.14691
2 0.69264 0.43364 0.0129 0.14184
2 0.6612 0.2847 0.01343 0.14792
2 0.78184 0.57801 0.01505 0.14894
2 0.93391 0.72492 0.01397 0.14488
2 0.97824 0.72442 0.01773 0.14792
2 0.93498 0.13222 0.0172 0.14691
2 0.69237 0.72543 0.01558 0.15198
2 0.89307 0.43161 0.01612 0.1459
2 0.53976 0.28369 0.01236 0.15603
2 0.13084 0.28419 0.01343 0.14488
2 0.25148 0.87538 0.01182 0.14387
2 0.41134 0.57801 0.01451 0.14894
2 0.42074 0.72644 0.0172 0.14387
2 0.41859 0.1388 0.01397 0.14387
2 0.09645 0.43465 0.01343 0.14995
2 0.17464 0.13982 0.00967 0.14387
2 0.05615 0.4154 0.01558 0.1074
2 0.54138 0.87791 0.01343 0.14691
2 0.04756 0.23354 0.01128 0.04154
2 0.17168 0.57953 0.01558 0.14184
2 0.3388 0.14032 0.01021 0.14488
2 0.97474 0.4311 0.01827 0.14488
2 0.17625 0.38095 0.01505 0.03647