0 0.49483 0.15443 0.02613 0.06626
7 0.33234 0.16055 0.02123 0.06218
7 0.22564 0.55607 0.01796 0.06626
7 0.69679 0.44954 0.01851 0.03466
7 0.68427 0.88736 0.0098 0.02752
7 0.89848 0.66514 0.0147 0.02752
7 0.57812 0.41539 0.01415 0.04383
7 0.90256 0.10601 0.01306 0.03262
0 0.77844 0.3318 0.02504 0.04587
0 0.59118 0.70642 0.01524 0.04689
0 0.93604 0.89246 0.02123 0.06014
2 0.3356 0.87207 0.02014 0.14169
2 0.13283 0.58206 0.02069 0.14475
2 0.33315 0.28338 0.02069 0.14679
2 0.97686 0.13405 0.0147 0.14985
2 0.65351 0.42864 0.01361 0.14985
2 0.49292 0.57951 0.02232 0.14985
2 0.58247 0.57594 0.01633 0.14475
2 0.54219 0.579 0.01633 0.14679
2 0.45019 0.58002 0.01524 0.14475
2 0.25313 0.87411 0.0196 0.14577
2 0.21448 0.87768 0.01851 0.14271
2 0.29967 0.43629 0.01688 0.14679
2 0.45917 0.43272 0.01688 0.14781
2 0.13718 0.43476 0.01742 0.14373
2 0.08955 0.57951 0.02014 0.14781
2 0.04981 0.58155 0.01796 0.14985
2 0.7368 0.4317 0.01905 0.14373
2 0.69842 0.43017 0.02177 0.14679
2 0.25776 0.43119 0.01579 0.13863
2 0.21911 0.72681 0.01688 0.14679
2 0.8982 0.4317 0.01633 0.14577
2 0.10152 0.1371 0.02232 0.14577
2 0.10044 0.72528 0.02123 0.14781
2 0.17801 0.72834 0.01742 0.14169
2 0.13827 0.72732 0.01851 0.14781
2 0.65297 0.13558 0.01796 0.14679
2 0.61051 0.13558 0.02341 0.14679
2 0.81383 0.13354 0.01851 0.14679
0 0.86581 0.72018 0.02776 0.09276
0 0.5528 0.73751 0.01905 0.05403
2 0.41698 0.87768 0.01851 0.14883
2 0.86745 0.57951 0.02341 0.14577
7 0.40582 0.40673 0.01688 0.03058
0 0.7368 0.71203 0.01688 0.05403
0 0.77953 0.87717 0.01851 0.06422
0 0.69978 0.73598 0.01796 0.1366
0 0.16059 0.75382 0.01089 0.04383
0 0.37697 0.88532 0.01361 0.06014
2 0.33996 0.43272 0.01579 0.14781
2 0.37316 0.2844 0.01579 0.14883
2 0.41208 0.28491 0.0196 0.14577
2 0.12983 0.28644 0.0147 0.14271
2 0.21802 0.13863 0.01905 0.14679
2 0.13936 0.13609 0.01633 0.14577
2 0.81873 0.87666 0.01742 0.15291
2 0.86228 0.28033 0.01742 0.14883
0 0.33424 0.71865 0.01851 0.05097
0 0.97877 0.84913 0.0196 0.04893