7 0.62217 0.45617 0.01875 0.04995
7 0.84859 0.55607 0.01379 0.04179
7 0.61721 0.38124 0.00883 0.0265
7 0.62714 0.39602 0.00993 0.03976
7 0.37148 0.17329 0.01379 0.04485
7 0.34942 0.56422 0.01269 0.02752
7 0.20684 0.62895 0.02427 0.03466
7 0.21842 0.26707 0.01655 0.04689
7 0.05571 0.09633 0.01324 0.02752
7 0.03613 0.08716 0.00938 0.02956
7 0.94181 0.38634 0.01379 0.04281
2 0.27854 0.72834 0.00883 0.03772
2 0.30199 0.579 0.01489 0.03874
2 0.28268 0.55607 0.01158 0.0316
2 0.27165 0.53211 0.01379 0.03058
2 0.32708 0.43374 0.01324 0.02752
2 0.34528 0.44699 0.01324 0.02752
2 0.40816 0.41131 0.01324 0.02752
2 0.45174 0.42864 0.01324 0.02752
2 0.43078 0.77319 0.01324 0.02752
2 0.41065 0.77319 0.016 0.02548
2 0.37976 0.88226 0.016 0.02548
2 0.3781 0.84862 0.016 0.02548
2 0.36211 0.85066 0.016 0.02548
2 0.16409 0.72375 0.01269 0.03058
2 0.34887 0.82671 0.01269 0.03058
2 0.1834 0.74312 0.01269 0.03058
2 0.16878 0.74465 0.01434 0.03772
2 0.14065 0.2788 0.01434 0.03772
2 0.12024 0.25739 0.01434 0.03772
2 0.28185 0.25943 0.01434 0.03772
2 0.30171 0.27982 0.01434 0.03772
2 0.37562 0.23293 0.01434 0.03772
2 0.35687 0.237 0.01434 0.03772
2 0.34473 0.15138 0.01434 0.03772
2 0.14148 0.57798 0.01379 0.03058
2 0.13762 0.56371 0.01379 0.03058
2 0.12907 0.53517 0.01434 0.04077
2 0.11914 0.55861 0.01434 0.04077
2 0.16437 0.43221 0.01434 0.04077
2 0.16327 0.13048 0.01434 0.04077
2 0.26806 0.17737 0.01434 0.04077
2 0.42967 0.77115 0.01324 0.02752
2 0.16382 0.08665 0.01434 0.04077
2 0.32432 0.12844 0.01434 0.04077
2 0.26034 0.08869 0.01434 0.04077
2 0.50055 0.13303 0.0171 0.13761
2 0.41671 0.13201 0.0171 0.13761
2 0.29702 0.42864 0.0171 0.13761
2 0.25676 0.42762 0.0171 0.13761
2 0.21704 0.42864 0.0171 0.13761
2 0.25179 0.86697 0.0171 0.13761
2 0.21153 0.86799 0.0171 0.13761
2 0.12934 0.57441 0.0171 0.13761
2 0.08687 0.87717 0.0171 0.13761
2 0.57143 0.72273 0.01655 0.15087
2 0.61886 0.86646 0.01655 0.15087
2 0.69112 0.74516 0.01655 0.15087
2 0.94043 0.57492 0.01655 0.15087
2 0.89355 0.42712 0.01655 0.15087
2 0.85604 0.42508 0.01655 0.15087
2 0.893 0.71662 0.01655 0.15087
2 0.98014 0.87156 0.01655 0.15087
2 0.85383 0.13456 0.01655 0.15087
2 0.61666 0.28236 0.01655 0.15087
2 0.69774 0.57187 0.01655 0.15087
8 0.47187 0.57288 0.23773 0.13252
8 0.51793 0.86901 0.16327 0.13761
8 0.72063 0.87258 0.07336 0.14883
8 0.87976 0.8736 0.08053 0.14679