0 0.30694 0.09761 0.06486 0.03463
0 0.17282 0.74075 0.04793 0.03493
2 0.08239 0.13657 0.04318 0.12448
2 0.15648 0.13761 0.02574 0.11403
2 0.23218 0.14015 0.01931 0.12746
2 0.15182 0.2797 0.02693 0.1206
2 0.0724 0.28015 0.02218 0.11134
2 0.07621 0.82373 0.02405 0.11731
2 0.23124 0.82687 0.01981 0.1194
2 0.77968 0.29881 0.0315 0.13791
2 0.62049 0.1506 0.02405 0.12567
2 0.90542 0.90657 0.03201 0.0209
2 0.83446 0.90463 0.01473 0.02239
1 0.31507 0.66597 0.01914 0.04836
5 0.11948 0.1391 0.02049 0.12776
5 0.1177 0.27567 0.02642 0.12448
5 0.11685 0.41806 0.021 0.10896
5 0.1171 0.55343 0.02286 0.12239
5 0.11482 0.81955 0.02168 0.12985
5 0.42278 0.83552 0.01981 0.12239
5 0.65402 0.84269 0.021 0.0997
5 0.4967 0.85104 0.01931 0.13075
5 0.81321 0.43403 0.02269 0.13672
5 0.89086 0.43403 0.01473 0.11642
5 0.89433 0.29985 0.01456 0.13582
5 0.89636 0.15881 0.021 0.12358
5 0.81516 0.15761 0.02218 0.11522
5 0.81287 0.29881 0.01287 0.12358
5 0.80762 0.85149 0.01524 0.13403
5 0.8862 0.84985 0.01456 0.11642
5 0.7265 0.84119 0.021 0.1009
5 0.72972 0.70373 0.01931 0.13881
5 0.65114 0.70269 0.01863 0.12657
5 0.5729 0.69866 0.01524 0.10418
5 0.58188 0.27821 0.01931 0.13373
5 0.49704 0.69761 0.02337 0.1206
5 0.27121 0.28687 0.01575 0.13493
5 0.35097 0.12015 0.01507 0.08149
5 0.5055 0.15776 0.01931 0.12746
5 0.42193 0.70119 0.02151 0.12537
5 0.34344 0.69851 0.01863 0.11224
5 0.34454 0.82328 0.01744 0.12657
6 0.36926 0.83119 0.02523 0.11791
3 0.22727 0.47896 0.00813 0.01343
2 0.59458 0.89239 0.03285 0.04567