7 0.04028 0.19776 0.01089 0.03262
7 0.2123 0.13558 0.02504 0.1366
7 0.21639 0.28899 0.02994 0.13965
7 0.05634 0.42151 0.02994 0.11927
7 0.05553 0.57034 0.01524 0.06422
7 0.05253 0.73853 0.02667 0.07441
7 0.05416 0.87105 0.03647 0.08053
7 0.21067 0.71916 0.02177 0.11111
7 0.09581 0.4368 0.02395 0.12742
7 0.09472 0.57951 0.03157 0.11519
7 0.25177 0.88379 0.02123 0.10398
7 0.41753 0.13354 0.0098 0.10805
7 0.77681 0.12181 0.01633 0.12538
7 0.78008 0.27829 0.02286 0.13456
7 0.81791 0.26402 0.01688 0.10805
7 0.81791 0.13303 0.01688 0.14781
7 0.7798 0.42457 0.02123 0.1213
7 0.8239 0.39195 0.02559 0.04383
7 0.78035 0.68298 0.02232 0.05708
7 0.83397 0.78033 0.01851 0.02752
7 0.82199 0.59429 0.01524 0.05912
7 0.79858 0.87411 0.0098 0.04383
7 0.37616 0.56932 0.03266 0.11111
7 0.3963 0.86544 0.07621 0.11213
7 0.41916 0.72171 0.01306 0.10194
7 0.37371 0.72783 0.01796 0.11417
7 0.25204 0.58206 0.0196 0.12029
7 0.38024 0.29613 0.02885 0.09276
0 0.21067 0.44546 0.03811 0.04893
0 0.37534 0.42151 0.02776 0.10907
0 0.66304 0.14424 0.03375 0.09276
0 0.65678 0.28084 0.02667 0.09888
0 0.65569 0.41845 0.02667 0.09888
0 0.65188 0.5683 0.02667 0.09888
0 0.65242 0.72324 0.02667 0.09888
0 0.65623 0.86799 0.02667 0.09276
0 0.61758 0.87003 0.02667 0.09888
0 0.61323 0.72018 0.03103 0.09072
0 0.60915 0.57136 0.03484 0.11927
0 0.61568 0.41182 0.02613 0.12029
0 0.6184 0.27931 0.02613 0.12029
0 0.61894 0.13863 0.02613 0.12029
0 0.9472 0.1157 0.02613 0.08461
0 0.93195 0.27676 0.0294 0.10703
0 0.94094 0.42202 0.02776 0.0897
0 0.94039 0.56881 0.01905 0.13048
0 0.93685 0.73191 0.0098 0.11825
0 0.9344 0.87513 0.02232 0.12334
0 0.98204 0.72885 0.02504 0.12436
0 0.97986 0.57798 0.02395 0.13048