8 0.7299 0.88724 0.09329 0.14541
8 0.07393 0.88657 0.09329 0.14541
6 0.35652 0.83036 0.02332 0.06799
2 0.3863 0.69842 0.01458 0.0276
2 0.37589 0.63447 0.01458 0.0276
2 0.28176 0.63514 0.01458 0.0276
2 0.28946 0.69943 0.01458 0.0276
2 0.54248 0.28543 0.08455 0.12858
2 0.13682 0.43336 0.02041 0.13093
2 0.72428 0.12386 0.01749 0.13329
0 0.74219 0.4899 0.03457 0.03467
8 0.77801 0.59374 0.37401 0.15214
8 0.58913 0.88859 0.18451 0.14608
8 0.26281 0.88792 0.2778 0.14743
8 0.92076 0.89196 0.09017 0.13935
5 0.91431 0.82363 0.08934 0.04174
2 0.68576 0.20751 0.03873 0.30932