0 0.54606 0.83209 0.04149 0.11493
0 0.87841 0.1694 0.06435 0.13284
5 0.24505 0.76194 0.0525 0.03433
5 0.34454 0.82836 0.01439 0.08955
5 0.42456 0.82463 0.02032 0.08507
0 0.76113 0.66418 0.02794 0.04179
5 0.12058 0.13881 0.02371 0.10448
5 0.12185 0.27239 0.02117 0.10299
5 0.19678 0.25149 0.02032 0.05821
5 0.50457 0.27239 0.02286 0.09104
5 0.19467 0.68358 0.02117 0.10746
5 0.11888 0.68507 0.01355 0.09254
5 0.1155 0.81567 0.01863 0.10299
5 0.27214 0.55448 0.02371 0.1
5 0.73997 0.29104 0.01609 0.10448
5 0.81363 0.57612 0.01439 0.10448
5 0.57866 0.57164 0.01693 0.09851