8 0.07158 0.10559 0.07868 0.15854
8 0.07331 0.39912 0.07799 0.15367
8 0.14861 0.40237 0.074 0.14522
8 0.22556 0.40741 0.07608 0.1449
8 0.30425 0.40854 0.07192 0.15237
8 0.38319 0.41244 0.0766 0.15237
8 0.46023 0.41488 0.07331 0.1527
8 0.53683 0.41797 0.07608 0.15627
8 0.61542 0.4217 0.07868 0.1462
8 0.69454 0.42365 0.08198 0.1449
8 0.76941 0.57229 0.08128 0.14717
8 0.06924 0.54922 0.07539 0.15107
8 0.14627 0.55101 0.07868 0.1449
8 0.30286 0.55604 0.07747 0.14003
8 0.53414 0.71166 0.08007 0.14133
8 0.45555 0.70923 0.0799 0.1436
8 0.37886 0.70419 0.08007 0.14133
8 0.30017 0.70419 0.07591 0.14133
8 0.22357 0.69851 0.0773 0.1423
8 0.14723 0.69656 0.08059 0.1462
8 0.06993 0.69656 0.07539 0.1462
8 0.07054 0.84097 0.07522 0.13743
8 0.14653 0.84211 0.0792 0.1449
8 0.22426 0.83918 0.0773 0.1462
8 0.53544 0.85543 0.0747 0.1462
6 0.36057 0.84227 0.04073 0.13743