7 0.05335 0.13863 0.03811 0.14271
7 0.05008 0.28135 0.03811 0.14271
7 0.04736 0.42202 0.03811 0.14271
7 0.05008 0.57798 0.03811 0.14271
7 0.05008 0.72273 0.03811 0.14271
7 0.04845 0.86646 0.03811 0.14271
7 0.09091 0.27931 0.03811 0.14271
7 0.13446 0.28338 0.03811 0.14271
7 0.17365 0.2844 0.03811 0.14271
7 0.21448 0.28338 0.03811 0.14271
7 0.37398 0.43425 0.03811 0.14271
7 0.41372 0.27931 0.03811 0.14271
7 0.41535 0.13354 0.03811 0.14271
7 0.65596 0.1366 0.03811 0.14271
7 0.61459 0.13252 0.03811 0.14271
7 0.61404 0.28033 0.03811 0.14271
7 0.61568 0.421 0.03811 0.14271
7 0.41753 0.87564 0.03811 0.14271
7 0.77463 0.14577 0.03811 0.14271
7 0.77627 0.41794 0.03811 0.14271
7 0.7749 0.72324 0.03865 0.14985
7 0.77409 0.5739 0.03811 0.14271
7 0.93332 0.42661 0.03865 0.14985
7 0.98068 0.42762 0.03865 0.14985
7 0.97959 0.27166 0.03865 0.14985
7 0.97904 0.58155 0.03865 0.14985
7 0.97741 0.72834 0.03865 0.14985
7 0.61813 0.86901 0.03865 0.14985
7 0.61595 0.7212 0.03865 0.14985
7 0.61758 0.56728 0.03865 0.14985
7 0.28525 0.70897 0.0196 0.05199
7 0.09418 0.84964 0.0196 0.05199
7 0.09036 0.42762 0.0196 0.05199
7 0.2515 0.12895 0.0196 0.05199
7 0.26892 0.86697 0.0196 0.05199
7 0.37942 0.73242 0.0196 0.05199
7 0.65977 0.59786 0.0196 0.05199
7 0.65814 0.59888 0.0196 0.05199
7 0.65923 0.73344 0.0196 0.05199
7 0.80566 0.55912 0.02177 0.07849
7 0.97986 0.86493 0.0196 0.05199
7 0.98149 0.13812 0.0196 0.05199
7 0.82036 0.10041 0.0196 0.05199
7 0.2466 0.41335 0.0196 0.05199
7 0.82145 0.83537 0.0196 0.05199
7 0.80185 0.86901 0.0196 0.05199
7 0.77354 0.86901 0.0196 0.05199
2 0.12956 0.58053 0.01742 0.13558
2 0.16875 0.57849 0.01742 0.13558
2 0.12956 0.8792 0.01742 0.13558
2 0.17256 0.87105 0.01742 0.13558
2 0.33043 0.57543 0.01742 0.13558
2 0.29287 0.57747 0.01742 0.13558
2 0.3288 0.87105 0.01742 0.13558
2 0.29614 0.87309 0.01742 0.13558