8 0.1305 0.11992 0.07889 0.14794
3 0.28202 0.57507 0.07854 0.04092
3 0.2139 0.69279 0.01182 0.06043
3 0.1503 0.58798 0.01981 0.06295
3 0.16811 0.8848 0.01025 0.02392
3 0.10191 0.86339 0.02832 0.05288
6 0.34466 0.82688 0.05265 0.10891
5 0.36142 0.49308 0.0775 0.06201
3 0.46238 0.67674 0.02294 0.04155
3 0.62858 0.12134 0.01268 0.05697
3 0.62103 0.32326 0.02016 0.06799
3 0.74031 0.39046 0.02589 0.05445
0 0.81156 0.4542 0.01964 0.05792
5 0.71025 0.71892 0.01929 0.13598
3 0.63475 0.90085 0.01355 0.02707
3 0.86412 0.68524 0.00938 0.02833
3 0.67489 0.51432 0.01321 0.01952
3 0.59878 0.5096 0.01981 0.01889
5 0.75474 0.50992 0.07976 0.0384
10 0.8424 0.14888 0.08167 0.14605
10 0.59096 0.71561 0.07576 0.13881
8 0.74891 0.72096 0.08271 0.14636
5 0.78827 0.86827 0.02659 0.12937
5 0.76012 0.22112 0.0808 0.04627