7 0.53833 0.17584 0.02868 0.06422
7 0.33453 0.75841 0.0182 0.0367
7 0.60949 0.90163 0.02206 0.04587
7 0.97408 0.75382 0.02206 0.04587
0 0.05405 0.75178 0.02206 0.02956
0 0.0957 0.84098 0.03254 0.07339
2 0.21511 0.84709 0.01103 0.03262
2 0.18312 0.87462 0.01103 0.03262
2 0.21925 0.6738 0.01269 0.03262
2 0.18753 0.77472 0.00662 0.02243
2 0.26889 0.6738 0.01269 0.03262
2 0.27772 0.53211 0.01269 0.03262
2 0.34997 0.45362 0.01269 0.03262
2 0.33756 0.42559 0.01324 0.01937
2 0.31826 0.4317 0.01324 0.01937
7 0.40265 0.69674 0.00993 0.01937
7 0.35852 0.70183 0.00993 0.01937
2 0.46691 0.45362 0.01379 0.02854
2 0.45643 0.42712 0.01379 0.02854
2 0.49779 0.42813 0.01379 0.02854
2 0.49338 0.30377 0.01379 0.02854
2 0.49559 0.28542 0.01379 0.02854
2 0.50441 0.22579 0.01269 0.04587
2 0.32846 0.30479 0.01379 0.02854
2 0.27882 0.23344 0.01931 0.03262
2 0.28047 0.14067 0.01931 0.03262
2 0.3075 0.12946 0.01931 0.03262
2 0.33756 0.13303 0.02317 0.15189
0 0.38362 0.25433 0.01048 0.02345
0 0.38307 0.33078 0.01048 0.02345
0 0.66657 0.89551 0.01931 0.06422
2 0.50883 0.57492 0.01379 0.02854
2 0.4989 0.57085 0.01379 0.02854
2 0.4636 0.52905 0.01379 0.02854
2 0.4545 0.5999 0.01213 0.03976
2 0.49586 0.70285 0.01213 0.03976
2 0.45753 0.72834 0.01158 0.15392
2 0.40844 0.87105 0.01158 0.15392
2 0.45091 0.9001 0.02041 0.04485
2 0.24738 0.62691 0.01269 0.03262
2 0.17126 0.57543 0.01158 0.02752
2 0.19691 0.61876 0.01103 0.03262
2 0.14589 0.57441 0.01158 0.02752
2 0.15692 0.53364 0.01158 0.02752
2 0.13762 0.51937 0.01158 0.02752
2 0.11721 0.55301 0.01158 0.02752
2 0.13127 0.57747 0.01103 0.03976
2 0.07943 0.54383 0.01103 0.03976
2 0.04744 0.56014 0.01544 0.10092
0 0.06453 0.69878 0.02206 0.02956
2 0.10204 0.68349 0.01103 0.03976
2 0.10811 0.74771 0.01103 0.03976
2 0.08108 0.63252 0.01103 0.03976
2 0.16768 0.87003 0.01544 0.14985
2 0.10949 0.45413 0.01158 0.02752
2 0.21098 0.30632 0.01158 0.02752
2 0.25731 0.2737 0.01158 0.02752
2 0.26862 0.27931 0.01765 0.04281
2 0.29454 0.36646 0.01655 0.02548
2 0.29564 0.4052 0.01655 0.02548
2 0.29399 0.42762 0.01655 0.02548
2 0.29564 0.45209 0.01655 0.02548
2 0.21953 0.37564 0.01655 0.02548
2 0.17264 0.25535 0.01655 0.02548
2 0.17264 0.28084 0.01655 0.02548
2 0.18257 0.23191 0.01655 0.02548
2 0.12576 0.25586 0.01434 0.03466
2 0.1743 0.30224 0.01655 0.02548
2 0.15499 0.3318 0.01655 0.02548
2 0.16878 0.28186 0.02206 0.15189
2 0.15885 0.25433 0.01655 0.02548
2 0.13183 0.28135 0.01434 0.03466
2 0.14175 0.22528 0.01434 0.03466
2 0.14837 0.28033 0.01434 0.03466
2 0.13293 0.30887 0.01434 0.03466
2 0.08825 0.28338 0.01434 0.03466
2 0.06895 0.2844 0.01434 0.03466
2 0.06398 0.2788 0.01655 0.02956
2 0.05019 0.28186 0.01655 0.02956
2 0.04026 0.25535 0.01655 0.02956
2 0.07887 0.18094 0.01655 0.02956
2 0.09211 0.10856 0.01655 0.02956
2 0.2118 0.13405 0.01655 0.02956
2 0.23993 0.13609 0.01655 0.02956
2 0.04468 0.13812 0.01655 0.02956
2 0.4545 0.13201 0.01765 0.1315
2 0.44953 0.28287 0.01765 0.1315