8 0.13527 0.14016 0.04409 0.14577
8 0.17692 0.14118 0.04355 0.14373
8 0.45672 0.14322 0.03811 0.13761
8 0.49755 0.1422 0.04246 0.14577
8 0.53756 0.13914 0.04192 0.14577
8 0.57648 0.13761 0.04137 0.14883
8 0.86064 0.14016 0.04028 0.14781
8 0.90147 0.1422 0.04137 0.14169
8 0.45591 0.43578 0.04192 0.14169
8 0.49537 0.43629 0.04246 0.14067
8 0.61595 0.28797 0.04083 0.14373
8 0.13391 0.42661 0.04246 0.14373
8 0.17501 0.43221 0.03974 0.14475
8 0.21502 0.57645 0.04464 0.14985
8 0.13446 0.72528 0.04246 0.14577
8 0.17529 0.72528 0.04028 0.14781
8 0.0939 0.87258 0.03974 0.14679
8 0.65923 0.8736 0.04246 0.15291
8 0.98068 0.58359 0.03865 0.14781
2 0.05716 0.13812 0.01742 0.14985
2 0.09799 0.14373 0.02069 0.15087
2 0.21666 0.14271 0.01198 0.04077
2 0.20822 0.09327 0.0147 0.0316
2 0.25939 0.11468 0.01796 0.08665
2 0.26211 0.18298 0.02014 0.02956
0 0.29722 0.11978 0.02722 0.0948
0 0.32308 0.1366 0.02014 0.03262
7 0.33941 0.14985 0.02232 0.04077
2 0.33723 0.09378 0.01688 0.05301
2 0.38051 0.07951 0.01633 0.02039
0 0.45346 0.1422 0.03375 0.12742
0 0.49891 0.14169 0.02014 0.12436
0 0.5479 0.14577 0.02994 0.05505
0 0.61949 0.11315 0.02504 0.05097
0 0.65841 0.10958 0.02232 0.07645
0 0.70468 0.11366 0.03212 0.08461
0 0.74633 0.14832 0.03375 0.10092
7 0.82254 0.16514 0.02069 0.04077
0 0.86581 0.12844 0.03103 0.10194
0 0.90528 0.13252 0.0294 0.10805
2 0.93767 0.10958 0.0147 0.08665
7 0.93767 0.17584 0.01579 0.03364
7 0.93821 0.20438 0.01796 0.03364
7 0.08247 0.29001 0.01361 0.03772
7 0.10071 0.2788 0.01306 0.02956
7 0.10915 0.29867 0.01796 0.03262
7 0.2613 0.29256 0.02395 0.04893
0 0.22292 0.26962 0.0245 0.08665
2 0.28906 0.26147 0.01415 0.03568
2 0.3307 0.2579 0.01252 0.03058
2 0.34322 0.25637 0.01252 0.03772
0 0.38106 0.29154 0.03157 0.12844
2 0.41317 0.26809 0.01089 0.10601
0 0.41698 0.34302 0.0196 0.02956
0 0.42787 0.28389 0.02177 0.07441
2 0.46679 0.33435 0.01143 0.03466
2 0.4491 0.27013 0.01415 0.03262
0 0.47795 0.28644 0.02069 0.03262
2 0.54164 0.29154 0.01524 0.15291
2 0.58329 0.28746 0.02014 0.14475
0 0.61296 0.29969 0.03266 0.11825
0 0.65351 0.29154 0.02994 0.1264
7 0.70087 0.30938 0.02667 0.03364
7 0.73952 0.31091 0.02014 0.02243
7 0.73898 0.33231 0.02232 0.02039
7 0.74251 0.2314 0.02286 0.0265
0 0.7749 0.28491 0.03321 0.11315
0 0.81328 0.31295 0.03048 0.08155
0 0.85765 0.32008 0.02341 0.03466
0 0.85874 0.24414 0.02014 0.05607
7 0.89956 0.29969 0.02014 0.03058
0 0.93549 0.2844 0.02776 0.12844
0 0.97741 0.2788 0.03103 0.11315
0 0.89875 0.26351 0.02722 0.02752
7 0.93359 0.40061 0.02177 0.03262
7 0.95944 0.43782 0.02014 0.04383
2 0.90147 0.48318 0.02395 0.07747
7 0.89875 0.41947 0.02722 0.04179
0 0.86119 0.4261 0.02613 0.13252
7 0.71366 0.41437 0.02177 0.03568
0 0.7466 0.42762 0.02776 0.08461
7 0.74687 0.43374 0.02069 0.04383
7 0.73789 0.4633 0.02341 0.03568
7 0.63038 0.39501 0.02177 0.03568
0 0.58057 0.42813 0.03103 0.08359
7 0.57866 0.4052 0.02177 0.03364
7 0.5773 0.44954 0.02232 0.0265
7 0.53919 0.43833 0.02123 0.04689
7 0.53702 0.38889 0.02014 0.03568
2 0.49946 0.43935 0.0147 0.13863
2 0.45482 0.41488 0.01796 0.03466
2 0.42678 0.4052 0.01633 0.02345
2 0.42978 0.4577 0.01579 0.0265
8 0.3356 0.43272 0.043 0.14577
7 0.34241 0.40265 0.02177 0.05097
7 0.32199 0.4001 0.02559 0.04587
7 0.29314 0.39908 0.02776 0.02956
7 0.28498 0.44954 0.02776 0.03874
7 0.29205 0.42355 0.01905 0.03568
0 0.1742 0.41488 0.02069 0.11009
0 0.12956 0.41845 0.03048 0.11315
7 0.09608 0.40877 0.01688 0.03262
2 0.08628 0.38073 0.02232 0.0316
7 0.06124 0.55708 0.01796 0.03364
7 0.04219 0.54893 0.02123 0.03364
7 0.10915 0.57747 0.02123 0.03976
2 0.092 0.5632 0.01851 0.06422
2 0.09363 0.62895 0.01851 0.04893
7 0.14834 0.57951 0.01796 0.03772
7 0.1301 0.54689 0.0196 0.03364
7 0.18672 0.53823 0.01742 0.03466
0 0.21911 0.57187 0.03321 0.11825
7 0.21312 0.51988 0.01579 0.03874
7 0.23136 0.55708 0.02286 0.03772
0 0.2613 0.58308 0.02831 0.14679
7 0.26238 0.59939 0.02177 0.04281
2 0.33179 0.56728 0.02232 0.12742
7 0.37561 0.58206 0.02177 0.03262
0 0.3797 0.61774 0.03212 0.04281
0 0.41835 0.56371 0.0343 0.0999
7 0.41617 0.55301 0.01688 0.02956
7 0.41453 0.57696 0.02014 0.03874
7 0.41671 0.62844 0.02232 0.03772
8 0.61649 0.57798 0.03974 0.14883
8 0.65841 0.58104 0.04192 0.14475
0 0.61323 0.58359 0.03321 0.1213
0 0.65406 0.5739 0.02994 0.1264
7 0.66168 0.52141 0.02123 0.03976
7 0.80539 0.55861 0.02341 0.04077
7 0.80212 0.58716 0.02341 0.0367
7 0.81818 0.61264 0.02069 0.04689
7 0.77218 0.5841 0.03538 0.05301
2 0.78089 0.53925 0.02014 0.05912
7 0.7779 0.62895 0.02286 0.03262
0 0.73789 0.59633 0.02559 0.0632
7 0.69516 0.57034 0.02613 0.04383
2 0.70005 0.62538 0.02286 0.07441
2 0.69897 0.53517 0.02069 0.04077
0 0.7368 0.52905 0.02232 0.05097
7 0.93903 0.53262 0.02613 0.03772
7 0.9423 0.55199 0.02613 0.0316
7 0.94284 0.5739 0.02613 0.03058
0 0.94203 0.61876 0.03538 0.05912
0 0.97959 0.55963 0.03103 0.07543
0 0.9061 0.73089 0.03974 0.09174
0 0.86527 0.71407 0.03647 0.09072
0 0.7436 0.72477 0.04028 0.07747
7 0.62167 0.70082 0.02177 0.04179
0 0.70359 0.72069 0.03538 0.08359
7 0.71611 0.71152 0.02559 0.04485
0 0.58383 0.72732 0.03538 0.12334
0 0.54219 0.72834 0.03157 0.1213
7 0.55063 0.7156 0.02341 0.04077
7 0.43876 0.72681 0.02069 0.02854
7 0.35846 0.73089 0.02667 0.04893
7 0.40065 0.72936 0.02504 0.04179
0 0.48802 0.73496 0.02994 0.06728
2 0.45781 0.73242 0.01306 0.13761
0 0.33615 0.7212 0.02232 0.13965
0 0.31682 0.72936 0.02177 0.05403
0 0.29532 0.72528 0.02014 0.14781
7 0.28797 0.72222 0.02395 0.04383
7 0.24388 0.78033 0.02069 0.03976
2 0.21639 0.70234 0.02014 0.04893
0 0.17447 0.72936 0.03103 0.13354
0 0.13174 0.74414 0.03919 0.07543
0 0.13337 0.66922 0.02286 0.04791
7 0.09526 0.70285 0.0196 0.03772
2 0.0841 0.67584 0.02341 0.03262
0 0.05553 0.88634 0.03811 0.07034
0 0.09907 0.842 0.03593 0.07543
2 0.1712 0.86086 0.0147 0.12946
0 0.21965 0.8527 0.04083 0.08461
7 0.22319 0.86799 0.02722 0.04587
0 0.26429 0.87971 0.03756 0.06728
7 0.26538 0.87054 0.02014 0.04485
7 0.13119 0.88481 0.01851 0.03874
7 0.38351 0.84353 0.02123 0.02956
7 0.38242 0.88481 0.02885 0.04077
7 0.3718 0.91845 0.0294 0.04077
7 0.37044 0.81397 0.02341 0.03364
7 0.40474 0.80887 0.02667 0.04791
5 0.60806 0.88889 0.02613 0.06524
0 0.65759 0.88889 0.04028 0.09786
0 0.77627 0.87564 0.03593 0.12232
0 0.81301 0.87564 0.03103 0.12232
7 0.80348 0.90826 0.02831 0.03466
7 0.87806 0.88124 0.0196 0.0316
7 0.9031 0.89806 0.02831 0.04485
7 0.957 0.84149 0.02722 0.02752
0 0.93794 0.88022 0.04682 0.09276