8 0.07426 0.24919 0.07262 0.1527
8 0.07296 0.39847 0.07002 0.14133
8 0.15026 0.39539 0.07938 0.15724
8 0.2273 0.40107 0.0747 0.15367
8 0.06802 0.84276 0.07192 0.1527
8 0.14766 0.83902 0.07279 0.15237
8 0.2253 0.84016 0.0721 0.1475
8 0.30061 0.85006 0.08336 0.15432
8 0.38024 0.85218 0.08007 0.1501
8 0.53293 0.8694 0.0714 0.16439
8 0.61101 0.86225 0.07366 0.1423
8 0.7669 0.87037 0.08007 0.1501
8 0.93917 0.13726 0.0714 0.13808
8 0.93596 0.28769 0.06499 0.15042
8 0.92236 0.72921 0.0617 0.15627
8 0.92513 0.89896 0.07799 0.17869
8 0.84653 0.87346 0.07678 0.16472