7 0.05498 0.39653 0.01524 0.04077
7 0.08329 0.43731 0.01524 0.04077
7 0.10016 0.55657 0.01524 0.04077
7 0.26837 0.55963 0.01524 0.04077
7 0.35112 0.62283 0.01524 0.04077
7 0.61677 0.9001 0.01524 0.04077
7 0.043 0.13252 0.01524 0.04077
7 0.34594 0.29562 0.02232 0.06116
7 0.30974 0.26606 0.01524 0.04077
7 0.27872 0.30683 0.01524 0.04077
7 0.53947 0.76758 0.01524 0.04077
7 0.78879 0.10958 0.0196 0.06014
7 0.53947 0.7054 0.01524 0.04077
7 0.91345 0.73293 0.01524 0.04077
7 0.90093 0.57288 0.01524 0.04077
7 0.93849 0.67176 0.01524 0.04077
7 0.82308 0.14985 0.01524 0.04077
7 0.82145 0.30377 0.01524 0.04077
7 0.77844 0.3262 0.01524 0.04077
7 0.77735 0.21203 0.01524 0.04077
7 0.45618 0.41488 0.01524 0.04077
7 0.41481 0.68705 0.01524 0.04077
7 0.21475 0.1366 0.03647 0.1366
7 0.25395 0.13456 0.03647 0.1366
7 0.53974 0.13048 0.03647 0.1366
7 0.73734 0.13048 0.03647 0.1366
7 0.9393 0.43119 0.03647 0.1366
7 0.65787 0.421 0.03647 0.1366
7 0.69815 0.57798 0.03647 0.1366
7 0.77926 0.72579 0.03647 0.1366
7 0.81954 0.72987 0.03647 0.1366
7 0.73625 0.87564 0.03647 0.1366
7 0.70033 0.87666 0.03647 0.1366
7 0.21584 0.73191 0.03647 0.1366
7 0.17447 0.87156 0.03647 0.1366
7 0.13419 0.86748 0.03647 0.1366
7 0.13364 0.57594 0.03647 0.1366
7 0.17556 0.579 0.03647 0.1366
7 0.1761 0.28746 0.03647 0.1366
7 0.1331 0.28236 0.03647 0.1366
7 0.21421 0.42915 0.03647 0.1366
7 0.05743 0.27931 0.03647 0.1366
7 0.61922 0.27625 0.03647 0.1366
7 0.57676 0.43629 0.03647 0.1366
7 0.54083 0.42202 0.03647 0.1366
7 0.62248 0.5739 0.03647 0.1366
7 0.82009 0.43935 0.03647 0.1366
7 0.7798 0.43731 0.03647 0.1366
7 0.69815 0.13761 0.03647 0.1366
7 0.86146 0.28033 0.03647 0.1366
7 0.85874 0.1366 0.03647 0.1366
7 0.98176 0.1366 0.03647 0.1366
7 0.94094 0.13558 0.03647 0.1366
7 0.29369 0.13354 0.03647 0.1366
7 0.29532 0.43629 0.03647 0.1366
7 0.25721 0.42712 0.03647 0.1366
7 0.9012 0.87971 0.03647 0.1366
7 0.862 0.72885 0.03647 0.1366
7 0.85819 0.57492 0.03647 0.1366
7 0.73843 0.57594 0.03647 0.1366
7 0.6976 0.72885 0.03647 0.1366
7 0.73843 0.72885 0.03647 0.1366
7 0.41453 0.27727 0.03647 0.1366
7 0.3797 0.27319 0.03647 0.1366
7 0.25231 0.72375 0.03647 0.1366
7 0.09554 0.7421 0.03647 0.1366
7 0.09227 0.13863 0.03647 0.1366
7 0.37915 0.15596 0.03647 0.1366
8 0.47496 0.87564 0.0822 0.13456