8 0.47394 0.28622 0.0806 0.14894
8 0.55615 0.58055 0.0806 0.14792
8 0.95889 0.43617 0.07684 0.14488
8 0.79635 0.13475 0.07415 0.1459
7 0.07066 0.10993 0.07792 0.08409
7 0.23589 0.1388 0.06233 0.1459
7 0.39629 0.13982 0.06179 0.16008
7 0.65449 0.12563 0.04084 0.1074
7 0.56153 0.2462 0.07845 0.0689
7 0.29635 0.1383 0.01881 0.13475
3 0.45621 0.13323 0.01075 0.13678
3 0.61177 0.13222 0.01558 0.13475
3 0.08974 0.28673 0.02364 0.15198
3 0.2985 0.72543 0.01988 0.13576
7 0.90382 0.56738 0.01182 0.05674
7 0.39334 0.27204 0.04299 0.0922
7 0.70339 0.25177 0.02042 0.08207
7 0.74852 0.24316 0.0172 0.08105
7 0.8748 0.25684 0.0129 0.08004
7 0.80011 0.75532 0.02472 0.04357
7 0.91725 0.79838 0.02472 0.06079
0 0.69022 0.85461 0.02311 0.07801
7 0.13487 0.91641 0.05696 0.06991
7 0.29581 0.90071 0.05965 0.0689
7 0.12547 0.61348 0.01021 0.02533
7 0.05723 0.52736 0.01236 0.03546
7 0.06233 0.40071 0.02902 0.05572
7 0.06771 0.6849 0.02042 0.05471
7 0.22004 0.40527 0.01343 0.0304
7 0.14374 0.2766 0.036 0.05268
7 0.43498 0.65096 0.01881 0.08004
7 0.39092 0.67021 0.01666 0.06991
7 0.31623 0.60638 0.01881 0.05775
3 0.49355 0.67882 0.01988 0.24519
3 0.58006 0.87538 0.02526 0.13779
3 0.49033 0.87893 0.01236 0.13273
3 0.45164 0.87386 0.02096 0.14083
3 0.81945 0.5694 0.0129 0.13171
3 0.98361 0.58207 0.01881 0.1388
3 0.97689 0.73303 0.01612 0.12665
3 0.82483 0.87133 0.01397 0.12766
3 0.57523 0.4306 0.01128 0.12969
3 0.89414 0.42958 0.01182 0.12563
2 0.39387 0.42655 0.0806 0.13982
2 0.79312 0.43161 0.07523 0.13982