7 0.55555 0.07131 0.02409 0.03086
7 0.71932 0.07602 0.01646 0.03704
7 0.59974 0.07212 0.03969 0.02339
7 0.54645 0.17869 0.02392 0.05718
7 0.77756 0.18421 0.03865 0.03704
7 0.90425 0.16813 0.02305 0.09129
7 0.94593 0.78899 0.0305 0.0588
7 0.63154 0.9191 0.0305 0.03704
7 0.70529 0.9269 0.01646 0.02794
7 0.07028 0.81319 0.02894 0.07277
7 0.09827 0.67089 0.02392 0.06953
7 0.33934 0.41391 0.01248 0.04159
0 0.30754 0.2794 0.05459 0.13125
8 0.07192 0.42008 0.0766 0.15919
7 0.19575 0.60575 0.02236 0.0666
7 0.53362 0.70793 0.02149 0.07277
7 0.86664 0.64133 0.03553 0.05718
7 0.86837 0.79532 0.01231 0.03379
7 0.86499 0.88353 0.02565 0.03736
7 0.65711 0.66764 0.04038 0.03574
7 0.73752 0.62589 0.01993 0.06985
7 0.54939 0.48587 0.0149 0.03736
7 0.41733 0.53314 0.01802 0.03574
3 0.46976 0.6345 0.03553 0.06173
3 0.29471 0.77599 0.0338 0.06985
2 0.19333 0.84324 0.01404 0.03086
2 0.1318 0.91066 0.01646 0.04808
2 0.17712 0.13775 0.00659 0.02469
2 0.24853 0.15562 0.01075 0.02339
2 0.33276 0.87654 0.0156 0.03899
2 0.35009 0.90757 0.01906 0.02632
2 0.85641 0.16488 0.05945 0.10039
2 0.96733 0.27469 0.01231 0.04776