8 0.07513 0.24659 0.07539 0.1475
8 0.15121 0.25114 0.07539 0.1475
8 0.2273 0.25504 0.07539 0.1475
8 0.30529 0.25699 0.07539 0.1475
8 0.30633 0.40286 0.07539 0.1475
8 0.38432 0.40416 0.07539 0.1475
8 0.53995 0.26641 0.07539 0.1475
8 0.61794 0.26998 0.07539 0.1475
8 0.69957 0.2729 0.07539 0.1475
8 0.78033 0.26771 0.07539 0.1475
8 0.69575 0.42073 0.07539 0.1475
8 0.6143 0.57115 0.07539 0.1475
8 0.77218 0.5705 0.07539 0.1475
8 0.84913 0.57602 0.07539 0.1475
8 0.9299 0.57537 0.07539 0.1475
8 0.93094 0.42885 0.07539 0.1475
8 0.06958 0.68551 0.07539 0.1475
6 0.35633 0.84552 0.02912 0.14587
2 0.81525 0.74318 0.00797 0.02697