0 0.06638 0.16414 0.03743 0.06503
3 0.15794 0.17645 0.05237 0.0625
3 0.31965 0.15657 0.07402 0.05114
6 0.54968 0.13747 0.07251 0.10764
0 0.66432 0.13258 0.04297 0.06944
3 0.86573 0.31234 0.0621 0.06534
3 0.7004 0.24779 0.07351 0.04735
6 0.54616 0.28946 0.07721 0.12753
6 0.24211 0.24211 0.07737 0.06692
6 0.31898 0.42661 0.07637 0.1411
3 0.55228 0.48911 0.02434 0.02809
3 0.85591 0.62295 0.0814 0.04514
3 0.39678 0.54972 0.06747 0.07165
6 0.24203 0.54056 0.07553 0.08365
3 0.16239 0.73706 0.06495 0.09343
6 0.39443 0.7358 0.07519 0.09596
3 0.62043 0.84975 0.07368 0.04167