3 0.08613 0.10902 0.06649 0.08163
3 0.08234 0.21697 0.02791 0.02685
3 0.09535 0.72113 0.05047 0.07599
3 0.16305 0.14689 0.06701 0.05371
3 0.25401 0.20999 0.03979 0.02954
3 0.31869 0.11869 0.07545 0.02309
3 0.3255 0.38118 0.06184 0.04807
3 0.47864 0.3942 0.0708 0.03652
3 0.55668 0.73805 0.07287 0.02766
3 0.77829 0.73818 0.04996 0.03437
4 0.17166 0.22274 0.05909 0.05988
4 0.17166 0.58593 0.0646 0.05908
4 0.1714 0.70126 0.06581 0.04323
4 0.24935 0.58875 0.06804 0.02605
4 0.32205 0.2214 0.07011 0.05559
4 0.3845 0.21858 0.04065 0.01289
4 0.49587 0.21724 0.03015 0.02148
4 0.59543 0.21375 0.06322 0.02685
4 0.70904 0.60902 0.07028 0.10687
4 0.70835 0.70368 0.07683 0.04807
4 0.63101 0.60768 0.07511 0.09721
4 0.63144 0.70516 0.07321 0.04135
3 0.2478 0.70569 0.0553 0.01665