8 0.85083 0.14133 0.23058 0.15046
0 0.9503 0.25936 0.03579 0.06106
5 0.88549 0.49811 0.02433 0.85332
5 0.81564 0.20161 0.02502 0.26031
5 0.33788 0.47875 0.01929 0.80453
8 0.07089 0.11253 0.07819 0.13818
5 0.10417 0.46223 0.02311 0.82373
5 0.26342 0.47183 0.0212 0.83601
5 0.41355 0.47686 0.02224 0.83601
5 0.651 0.49622 0.02415 0.86402
5 0.49218 0.48835 0.0252 0.85521
5 0.57133 0.48757 0.02502 0.84293
5 0.18184 0.47435 0.03388 0.84797
5 0.8093 0.58278 0.01825 0.45294
6 0.7702 0.8294 0.0252 0.05414
8 0.89053 0.58546 0.15534 0.17123