3 0.55665 0.47073 0.01268 0.02927
3 0.8722 0.48536 0.01407 0.03148
4 0.9543 0.49433 0.01668 0.03997
5 0.81468 0.31996 0.01685 0.04249
3 0.29705 0.0864 0.01477 0.07397
3 0.17176 0.45074 0.01407 0.04218
2 0.44275 0.85033 0.01077 0.05445
4 0.88254 0.79336 0.0146 0.02801
2 0.28097 0.06815 0.00799 0.03746
2 0.69844 0.31933 0.01268 0.02675
2 0.83032 0.72915 0.01199 0.02801
2 0.93736 0.68681 0.01477 0.06169
2 0.68375 0.44885 0.00869 0.03399
2 0.52033 0.35631 0.01477 0.03525
2 0.34083 0.5724 0.00747 0.03368
6 0.35187 0.82908 0.03058 0.1259