8 0.33753 0.28061 0.31156 0.14511
8 0.84805 0.29037 0.22989 0.14259
8 0.85083 0.43154 0.07489 0.14164
8 0.52824 0.8497 0.23458 0.13818
8 0.06751 0.84435 0.07489 0.1344
8 0.06551 0.418 0.07228 0.13912
8 0.14535 0.13661 0.07941 0.13787
8 0.49427 0.13897 0.1503 0.13818
8 0.29774 0.56815 0.22919 0.13912
8 0.53197 0.50283 0.22989 0.27982
8 0.6881 0.43075 0.0768 0.12811
8 0.8424 0.85993 0.07541 0.12465
10 0.84474 0.71703 0.07628 0.13912
3 0.92033 0.86119 0.07489 0.13661
3 0.92928 0.14873 0.07159 0.12811
8 0.29835 0.42524 0.07819 0.14416