7 0.60628 0.57917 0.02599 0.06558
7 0.69566 0.58376 0.02999 0.07475
7 0.09638 0.52022 0.04999 0.03398
7 0.12368 0.40758 0.02859 0.06218
7 0.4776 0.39568 0.03539 0.04995
7 0.69826 0.41607 0.03399 0.06354
7 0.40032 0.70319 0.0208 0.03296
7 0.54529 0.83622 0.04119 0.02718
7 0.4873 0.64611 0.02919 0.05199
7 0.86393 0.58427 0.02939 0.07373
8 0.36863 0.91556 0.09338 0.14033
8 0.82254 0.46653 0.08938 0.15087
8 0.90652 0.91794 0.09338 0.13354
8 0.72625 0.91845 0.08998 0.13931
8 0.81794 0.69657 0.08658 0.30241
8 0.63527 0.76334 0.26795 0.14373
8 0.14697 0.91556 0.17796 0.14033
8 0.28034 0.76215 0.08878 0.14135
8 0.36663 0.61332 0.08538 0.14951
3 0.10208 0.91335 0.08938 0.15155
3 0.36563 0.45634 0.08458 0.14611
3 0.27764 0.45923 0.09138 0.14509
3 0.18736 0.45583 0.08678 0.14509
3 0.63827 0.46075 0.08718 0.13252
3 0.54689 0.45973 0.09398 0.13727
3 0.54459 0.91403 0.08538 0.13252
3 0.63727 0.91743 0.08798 0.13931
10 0.81624 0.91607 0.09798 0.13931