4 0.17388 0.18149 0.02424 0.05581
2 0.11923 0.0841 0.00899 0.03195
2 0.15078 0.08333 0.00982 0.02887
2 0.19551 0.08122 0.00564 0.03002
2 0.21944 0.16186 0.0117 0.08584
2 0.37231 0.19246 0.02571 0.03387
2 0.44525 0.19554 0.01442 0.03541
2 0.47325 0.20227 0.00564 0.02194
2 0.29749 0.14453 0.01149 0.03657
2 0.05005 0.21574 0.00648 0.01886
2 0.51358 0.20978 0.0094 0.03233
2 0.57409 0.08795 0.00836 0.02117
2 0.76426 0.34373 0.01714 0.03464
2 0.75935 0.08911 0.00899 0.02194
2 0.39948 0.33737 0.01233 0.03272
2 0.91243 0.3445 0.04138 0.03926
2 0.75705 0.27136 0.03908 0.10239
2 0.9326 0.21132 0.01317 0.02463
2 0.92132 0.49134 0.02989 0.0204
2 0.89666 0.52156 0.01066 0.03079
2 0.88391 0.38145 0.00899 0.03464
2 0.66405 0.36971 0.01024 0.01886
2 0.8466 0.49249 0.01379 0.01963
2 0.75726 0.37818 0.0023 0.02964
2 0.60993 0.48518 0.01108 0.0281
2 0.6837 0.48941 0.0069 0.01963
2 0.45977 0.28041 0.01129 0.04965
2 0.15099 0.36008 0.03072 0.0281
2 0.12508 0.21728 0.01066 0.02656
2 0.21546 0.36528 0.01881 0.03387
2 0.20136 0.22036 0.00857 0.02502
2 0.27806 0.22537 0.00857 0.02271
2 0.28955 0.36875 0.01191 0.0331
2 0.42184 0.2321 0.01108 0.02848
2 0.15831 0.46767 0.00773 0.03156
2 0.12393 0.47325 0.00711 0.02194
2 0.19854 0.47132 0.00878 0.02579
2 0.25099 0.47325 0.00627 0.0281
2 0.31327 0.48152 0.00961 0.02156
2 0.44775 0.51174 0.01191 0.03272
2 0.85402 0.14299 0.014 0.06505
2 0.82581 0.57063 0.01108 0.05812
2 0.83292 0.51597 0.00606 0.02425
2 0.74786 0.58122 0.00731 0.04619
2 0.6511 0.62452 0.00815 0.02887
2 0.90293 0.57352 0.07085 0.06851
2 0.05517 0.49557 0.01755 0.01809
2 0.08359 0.74865 0.01212 0.03541
2 0.15747 0.75058 0.0094 0.02386
2 0.06625 0.69092 0.03887 0.06159
2 0.22905 0.74981 0.00836 0.03772
2 0.30042 0.75366 0.01149 0.02848
2 0.27168 0.7577 0.00669 0.02194
6 0.36447 0.81813 0.03636 0.16513
2 0.30899 0.8903 0.01066 0.0331
2 0.08516 0.88934 0.01149 0.01963
2 0.05026 0.77425 0.01024 0.0204
2 0.43657 0.78868 0.01505 0.02463
2 0.44545 0.64646 0.0278 0.01963
2 0.28788 0.50751 0.00606 0.03195
2 0.5954 0.79407 0.0163 0.03695
2 0.60502 0.6555 0.00376 0.03002
2 0.52466 0.89665 0.01442 0.02348
2 0.91338 0.57814 0.04493 0.04773
4 0.81996 0.76597 0.00648 0.02617
2 0.87795 0.8037 0.0117 0.03541
2 0.91045 0.90608 0.01233 0.03156
2 0.90334 0.77059 0.05873 0.02617
2 0.5675 0.90416 0.01233 0.01309
2 0.64378 0.90512 0.01149 0.02117
2 0.89289 0.23557 0.01275 0.03002