7 0.07676 0.14271 0.07403 0.13456
7 0.1546 0.2895 0.07186 0.14679
7 0.31546 0.28848 0.07676 0.12844
7 0.23435 0.44139 0.07022 0.12029
7 0.51878 0.57798 0.1546 0.15291
7 0.3914 0.43221 0.07295 0.13048
7 0.51551 0.27727 0.1546 0.13863
7 0.65895 0.43119 0.11813 0.1366
7 0.72128 0.58104 0.07403 0.1366
7 0.51497 0.87156 0.15569 0.1366
7 0.39657 0.72783 0.08002 0.14067
7 0.31628 0.87258 0.07512 0.13863
7 0.23272 0.7263 0.06696 0.14781
7 0.15542 0.57798 0.07349 0.14271
7 0.2945 0.54689 0.03702 0.20082
7 0.33669 0.54944 0.03212 0.08155
7 0.07131 0.72528 0.07295 0.14169
7 0.09173 0.5 0.03756 0.28033
7 0.71802 0.87207 0.07295 0.14781
7 0.96135 0.73191 0.06641 0.14067
7 0.8767 0.28135 0.06587 0.13863
7 0.80403 0.43476 0.07186 0.16208
0 0.37262 0.13914 0.04192 0.14169
7 0.23326 0.14373 0.0724 0.14067
0 0.15651 0.87819 0.07022 0.12334