8 0.05577 0.11604 0.07871 0.14997
7 0.19775 0.04106 0.00464 0.01253
2 0.32831 0.06159 0.00982 0.04871
2 0.48911 0.06159 0.00946 0.05289
2 0.65135 0.05306 0.01481 0.05045
2 0.7347 0.04732 0.00732 0.04454
2 0.81706 0.03445 0.00892 0.02784
2 0.89711 0.03636 0.00803 0.01705
2 0.98233 0.03323 0.00892 0.02679
7 0.9602 0.1945 0.00607 0.01601
2 0.908 0.32324 0.0091 0.02088
2 0.82848 0.32029 0.01321 0.03166
2 0.58112 0.32916 0.01249 0.02992
2 0.50348 0.32446 0.01749 0.04906
7 0.42326 0.33994 0.01017 0.01879
2 0.34026 0.33281 0.01267 0.0421
2 0.18544 0.31228 0.00964 0.04836
10 0.61895 0.42658 0.08103 0.1524
2 0.17705 0.94659 0.00607 0.02401