8 0.07403 0.43068 0.07948 0.14169
8 0.47632 0.58053 0.08383 0.14781
8 0.95781 0.72885 0.07893 0.13863
7 0.11568 0.14781 0.02776 0.05505
7 0.61622 0.14271 0.0294 0.12232
7 0.65841 0.13863 0.02994 0.12029
7 0.77627 0.4368 0.02504 0.07034
7 0.81737 0.43374 0.02559 0.06422
7 0.97496 0.12589 0.02177 0.06422
7 0.17256 0.59174 0.02613 0.08461
7 0.29287 0.86748 0.0294 0.11417
7 0.17256 0.87768 0.03375 0.11417
7 0.13092 0.86239 0.02014 0.09174
7 0.37833 0.72834 0.02177 0.1315
7 0.41971 0.72477 0.02504 0.11213
7 0.85901 0.87462 0.04028 0.0999
7 0.53783 0.88634 0.01524 0.06218
7 0.65732 0.73496 0.01796 0.10398
7 0.61894 0.43221 0.02504 0.12436
7 0.65433 0.43272 0.02613 0.11927
8 0.0724 0.72681 0.07621 0.15698
8 0.61894 0.72783 0.01742 0.11417
8 0.17801 0.28084 0.02722 0.11723
8 0.21448 0.44139 0.02395 0.0897
5 0.31301 0.57288 0.01524 0.06524
5 0.3522 0.59327 0.02504 0.05097
7 0.69897 0.28389 0.02069 0.08257
7 0.74306 0.29664 0.01851 0.05708
7 0.37371 0.4368 0.02994 0.13354
7 0.41617 0.43221 0.02014 0.11009