8 0.0629 0.12134 0.07854 0.14007
7 0.18931 0.08986 0.00678 0.01794
2 0.22537 0.08829 0.0073 0.03242
7 0.96229 0.20334 0.0073 0.01826
7 0.21034 0.28911 0.00469 0.01416
7 0.15004 0.31114 0.00886 0.01353
7 0.8305 0.38338 0.00504 0.01574
2 0.89183 0.45168 0.01129 0.03148
7 0.22902 0.61206 0.00799 0.03431
5 0.1801 0.72081 0.01164 0.06484
2 0.44379 0.74473 0.00765 0.03525
7 0.74952 0.67186 0.00956 0.02424
7 0.92989 0.78517 0.00747 0.01228
2 0.92076 0.85096 0.00556 0.02172
7 0.6854 0.91501 0.01129 0.01574
6 0.34926 0.83805 0.03023 0.12496
2 0.14778 0.84766 0.00712 0.02392
2 0.07029 0.83963 0.01268 0.04627
7 0.68888 0.36166 0.00504 0.01133