8 0.15069 0.11079 0.074 0.1462
8 0.22903 0.11371 0.0747 0.1449
8 0.30641 0.11436 0.0773 0.1488
8 0.38596 0.11452 0.07799 0.15367
8 0.46135 0.41797 0.07522 0.15107
8 0.53761 0.42057 0.07868 0.14847
8 0.61733 0.423 0.0766 0.15595
8 0.69662 0.4243 0.08059 0.15595
8 0.77366 0.42316 0.08007 0.15367
8 0.07634 0.25374 0.07192 0.1475
8 0.07366 0.40058 0.07071 0.1462
8 0.15 0.40058 0.08059 0.1514
8 0.22634 0.40806 0.0721 0.16374
8 0.07201 0.83918 0.07262 0.141
8 0.14731 0.83528 0.07522 0.1436
7 0.55763 0.82359 0.02929 0.06238
6 0.36031 0.84535 0.03605 0.13125
8 0.76568 0.86663 0.07868 0.13873