2 0.16976 0.05393 0.00607 0.01429
2 0.14281 0.15481 0.00555 0.01657
2 0.19601 0.17203 0.00416 0.01397
2 0.14471 0.11111 0.00485 0.01494
2 0.1396 0.109 0.00433 0.01267
0 0.11672 0.03915 0.00329 0.00552
2 0.2169 0.03785 0.00364 0.00812
0 0.1857 0.14425 0.00676 0.0117
5 0.27504 0.10867 0.00867 0.11988
2 0.35173 0.16147 0.00607 0.02339
2 0.34315 0.09227 0.00416 0.02339
2 0.29731 0.16033 0.00572 0.02112
0 0.32868 0.09535 0.00607 0.01137
5 0.34333 0.13694 0.00693 0.04841
2 0.51846 0.1371 0.00468 0.02599
2 0.57738 0.12995 0.00399 0.01559
2 0.8065 0.1155 0.00815 0.02632
0 0.74411 0.1925 0.00572 0.01332
0 0.89151 0.19379 0.00485 0.00747
0 0.18319 0.20192 0.00451 0.00682
2 0.15494 0.23847 0.00555 0.01884
0 0.04133 0.28899 0.00537 0.00877
2 0.67054 0.27827 0.00381 0.01722
2 0.676 0.28314 0.00537 0.01462
6 0.61707 0.27209 0.02548 0.14392
2 0.21733 0.32229 0.00416 0.0091
2 0.22392 0.3231 0.00451 0.01592
2 0.11551 0.4191 0.00607 0.01365
2 0.38085 0.46361 0.00676 0.01884
2 0.31958 0.41683 0.00867 0.01559
0 0.33847 0.34276 0.00659 0.00845
0 0.34047 0.35526 0.00433 0.00552
0 0.34055 0.38564 0.00381 0.0052
0 0.34055 0.37703 0.00381 0.00487
4 0.34229 0.36826 0.00416 0.01072
0 0.38198 0.34552 0.00451 0.01007
4 0.41863 0.34795 0.00399 0.00975
3 0.42695 0.34617 0.00399 0.00812
3 0.52019 0.37524 0.00988 0.03314
3 0.5221 0.44672 0.01716 0.05913
3 0.44159 0.3499 0.00693 0.0104
0 0.34818 0.42186 0.00451 0.00747
0 0.29324 0.38093 0.00416 0.00942
0 0.38293 0.38856 0.00399 0.0078
5 0.49489 0.41732 0.00849 0.11468
5 0.50173 0.56335 0.00659 0.11566
5 0.49125 0.56173 0.01334 0.11371
2 0.62747 0.41634 0.00329 0.01072
2 0.64168 0.42625 0.00295 0.00845
2 0.65121 0.4282 0.00399 0.01429
2 0.65173 0.45793 0.00364 0.01267
6 0.61577 0.43096 0.02842 0.12248
0 0.65026 0.35754 0.00416 0.00682
0 0.65121 0.36192 0.00329 0.0052
2 0.69411 0.44704 0.00693 0.013
2 0.67877 0.4896 0.00607 0.01754
2 0.66317 0.43892 0.00399 0.01624
2 0.66854 0.42869 0.00676 0.01137
3 0.69662 0.47726 0.01127 0.04224
0 0.70503 0.49269 0.00277 0.00877
0 0.81256 0.36501 0.00468 0.01137
3 0.74471 0.37378 0.00485 0.01137
0 0.72686 0.43275 0.01005 0.01429
0 0.7987 0.49464 0.00641 0.00812
0 0.87218 0.42138 0.00745 0.01365
3 0.96941 0.39782 0.00503 0.01852
2 0.40702 0.60445 0.00676 0.02112
3 0.56005 0.57667 0.0279 0.08252
3 0.58007 0.63028 0.01144 0.03184
2 0.55997 0.52469 0.00416 0.03119
2 0.56404 0.5216 0.00641 0.02502
2 0.57114 0.5255 0.0026 0.03411
0 0.59428 0.58837 0.00832 0.01429
2 0.06638 0.62898 0.00347 0.0078
2 0.04229 0.69444 0.00347 0.00747
0 0.03692 0.74903 0.00451 0.00747
0 0.18354 0.63564 0.00347 0.00747
0 0.24497 0.64717 0.00745 0.00715
0 0.16144 0.75357 0.00399 0.00487
0 0.33397 0.75292 0.00589 0.00552
2 0.31646 0.65724 0.00693 0.02469
2 0.27738 0.63645 0.00849 0.00975
2 0.33761 0.72255 0.00624 0.01754
2 0.26733 0.68665 0.00537 0.02372
2 0.31395 0.68811 0.00399 0.01754
2 0.33821 0.68843 0.00399 0.02079
2 0.35052 0.70045 0.00503 0.0104
2 0.41525 0.69379 0.00659 0.02177
5 0.49107 0.71183 0.00745 0.11761
2 0.56863 0.66147 0.00555 0.0117
2 0.50537 0.67414 0.00589 0.01689
0 0.63224 0.65432 0.00728 0.00975
0 0.57903 0.77307 0.00659 0.01592
3 0.66802 0.76787 0.00745 0.04451
2 0.72565 0.70159 0.00624 0.02177
0 0.80312 0.6886 0.0052 0.01007
2 0.76872 0.7885 0.00676 0.0104
2 0.52808 0.75747 0.00867 0.01917
2 0.52626 0.69298 0.00607 0.01105
2 0.42184 0.72401 0.0052 0.01982
2 0.47981 0.65984 0.00745 0.01559
3 0.72539 0.7513 0.00711 0.01722
2 0.69428 0.73798 0.00867 0.01852
2 0.66239 0.79922 0.00624 0.01559
2 0.68752 0.7989 0.00867 0.01494
2 0.60971 0.79548 0.00832 0.01397
5 0.64523 0.8616 0.01144 0.10331
2 0.87912 0.87687 0.00745 0.02014
2 0.92296 0.81335 0.00572 0.01657
5 0.95858 0.87801 0.00451 0.11533
5 0.88735 0.87508 0.00659 0.11858
0 0.79679 0.84909 0.00399 0.00617
0 0.79636 0.85299 0.00485 0.00422
0 0.79471 0.85932 0.00641 0.0052
0 0.79445 0.86468 0.0052 0.00682
0 0.79021 0.9347 0.00364 0.00455
0 0.75026 0.9347 0.00416 0.0065
2 0.58362 0.79743 0.00399 0.01267
2 0.62886 0.79776 0.00572 0.01462
2 0.58007 0.87313 0.0052 0.02177
2 0.53224 0.92154 0.00555 0.01137
2 0.55936 0.92284 0.00815 0.01592
5 0.49879 0.86111 0.00901 0.09259
6 0.35971 0.85786 0.02929 0.12638
2 0.40477 0.91569 0.00676 0.01267
2 0.3805 0.9165 0.00815 0.01624
0 0.42028 0.86826 0.00624 0.01917
2 0.48319 0.85478 0.00485 0.13125
2 0.32747 0.91342 0.01023 0.01527
2 0.30277 0.91293 0.01005 0.01429
2 0.24991 0.91033 0.00797 0.01949
2 0.22435 0.90465 0.01127 0.01787
2 0.26802 0.91001 0.00433 0.00845
2 0.17617 0.80686 0.00919 0.01917
2 0.17678 0.82375 0.00936 0.02177
2 0.29506 0.78314 0.00572 0.01267
0 0.40841 0.76559 0.00572 0.01397
2 0.19029 0.71621 0.00416 0.02697
2 0.09896 0.87719 0.00832 0.02794
2 0.09913 0.85315 0.00728 0.02534
0 0.04263 0.76787 0.0052 0.00552
8 0.0753 0.10884 0.08094 0.1449
8 0.46308 0.11891 0.0766 0.1436
8 0.54359 0.12232 0.07712 0.13938
8 0.62236 0.12297 0.07868 0.15172
8 0.77972 0.13515 0.07868 0.1462
8 0.93899 0.12914 0.0766 0.15042
8 0.77834 0.27794 0.0773 0.15042
8 0.85953 0.2794 0.08094 0.1475
8 0.93492 0.2794 0.07296 0.1475
8 0.15217 0.10201 0.0773 0.1501
8 0.23232 0.10608 0.07574 0.15562
8 0.30962 0.11079 0.07435 0.1436
8 0.38795 0.1168 0.07088 0.13938
8 0.07565 0.24626 0.07574 0.13255
8 0.15217 0.25487 0.0714 0.13678
8 0.2266 0.2578 0.06707 0.13938
8 0.30858 0.25162 0.07366 0.14068
8 0.38622 0.26365 0.07296 0.15432
8 0.46127 0.26511 0.07435 0.15724
8 0.53856 0.27193 0.07296 0.16244
8 0.61941 0.27063 0.07591 0.1436
8 0.69775 0.26917 0.07799 0.14068
8 0.07244 0.39246 0.07071 0.13255
8 0.15043 0.39571 0.07071 0.1475
8 0.22444 0.40465 0.07591 0.13808
8 0.30745 0.39994 0.0773 0.13125
8 0.45953 0.40936 0.07366 0.1423
8 0.54073 0.41407 0.0773 0.14327
8 0.69671 0.4243 0.0773 0.1449
8 0.7779 0.42755 0.07504 0.1462
8 0.07166 0.54873 0.07504 0.1527
8 0.30347 0.55491 0.07938 0.1436
8 0.38224 0.56173 0.07504 0.1462
8 0.61464 0.56693 0.07366 0.1436
8 0.92738 0.58528 0.0766 0.15042
8 0.68951 0.57034 0.07296 0.13938
8 0.77149 0.57099 0.07366 0.17057
8 0.85234 0.58122 0.0766 0.1475
8 0.53423 0.70858 0.07574 0.1449
8 0.14714 0.83902 0.07868 0.14068
8 0.30165 0.85331 0.07435 0.13938
8 0.69055 0.71654 0.07366 0.13678
8 0.45477 0.71053 0.07279 0.1436
8 0.30459 0.70175 0.07435 0.12865
8 0.38042 0.7037 0.0714 0.12736
8 0.07132 0.83853 0.07435 0.12865
8 0.3786 0.83983 0.07227 0.12865
8 0.45728 0.85737 0.07504 0.13125
8 0.76742 0.86615 0.0773 0.1436
8 0.84575 0.87167 0.0766 0.1462
8 0.85841 0.12979 0.07868 0.15692
8 0.69853 0.13109 0.07366 0.15692
8 0.93354 0.43161 0.07435 0.14327
2 0.54142 0.25569 0.00659 0.02729
8 0.15069 0.56027 0.08302 0.14327
8 0.22695 0.69704 0.08371 0.15172