2 0.94733 0.10836 0.02032 0.02866
5 0.1182 0.48149 0.01084 0.81791
5 0.19475 0.48567 0.00677 0.81672
5 0.57748 0.63254 0.00948 0.5397
5 0.89619 0.37104 0.01558 0.54925
5 0.66384 0.16209 0.01016 0.14328
5 0.80948 0.84925 0.01016 0.13015
5 0.88738 0.85104 0.01152 0.12657
5 0.35089 0.43015 0.01016 0.12299
2 0.46334 0.66657 0.00881 0.02507
3 0.36876 0.82746 0.02862 0.10328
3 0.42981 0.89612 0.01016 0.02209
2 0.46749 0.44119 0.01202 0.01791
5 0.66122 0.37552 0.01169 0.25672
2 0.08704 0.49463 0.00847 0.02448
2 0.16494 0.58373 0.00711 0.0194
2 0.39441 0.59597 0.00881 0.01881
2 0.54793 0.60299 0.00593 0.01791
7 0.7514 0.77537 0.00847 0.01642
7 0.9514 0.16299 0.00711 0.02507