0 0.36725 0.88558 0.06412 0.04942
8 0.06811 0.11316 0.07819 0.14636
8 0.1457 0.11442 0.07698 0.14636
8 0.93206 0.28879 0.07889 0.14636
8 0.0662 0.25732 0.07819 0.13692
8 0.06455 0.3988 0.07489 0.14416
8 0.14275 0.39833 0.07628 0.14762
8 0.29739 0.4062 0.08219 0.14636
8 0.68871 0.45641 0.07628 0.07995
8 0.85083 0.42902 0.07142 0.14164
8 0.6119 0.27731 0.08149 0.13787
8 0.37524 0.55744 0.07211 0.14668
8 0.45152 0.55933 0.0735 0.14542
8 0.52893 0.56106 0.07889 0.14888
8 0.60782 0.56594 0.0775 0.14416
8 0.68575 0.56295 0.07559 0.14511
8 0.76759 0.57019 0.08427 0.14762
8 0.52867 0.7046 0.0742 0.14259
8 0.21685 0.82499 0.07611 0.14416
8 0.29314 0.82861 0.0775 0.13692
8 0.68341 0.84561 0.07089 0.13692
8 0.60652 0.84687 0.0801 0.13189
8 0.52598 0.84577 0.06742 0.14164
8 0.22059 0.54832 0.0742 0.14038
8 0.14301 0.68209 0.0768 0.14416
8 0.06186 0.82326 0.07228 0.13314
8 0.76056 0.86009 0.07541 0.14636
8 0.83849 0.85899 0.07489 0.13661
8 0.92233 0.57633 0.07159 0.13787
8 0.37698 0.26645 0.07941 0.15014
8 0.53632 0.27542 0.08149 0.15864
8 0.69175 0.27841 0.07958 0.13566
8 0.85143 0.28376 0.0768 0.14888