7 0.17175 0.43578 0.02014 0.12742
7 0.45128 0.43374 0.03157 0.08869
7 0.38242 0.8634 0.02123 0.04893
7 0.49456 0.1264 0.01688 0.05708
7 0.16903 0.71713 0.01905 0.03976
7 0.21475 0.8527 0.01579 0.02345
7 0.25476 0.88787 0.01306 0.08359
7 0.69543 0.72171 0.01905 0.04077
7 0.9393 0.27829 0.01252 0.0367
0 0.49483 0.73293 0.02177 0.09378
0 0.53566 0.09837 0.03048 0.05403
0 0.54518 0.15647 0.0245 0.05199
0 0.41971 0.57696 0.02722 0.11009
0 0.33261 0.72681 0.02831 0.1366
0 0.29505 0.71509 0.0196 0.10703
0 0.05797 0.87207 0.02885 0.0948
0 0.09799 0.27523 0.02831 0.12844
0 0.0558 0.28542 0.03103 0.13252
0 0.09309 0.55657 0.03266 0.07747
7 0.53892 0.71764 0.0294 0.09378
7 0.49646 0.41998 0.02722 0.05912
7 0.53157 0.42915 0.0245 0.03874
7 0.89848 0.71967 0.01905 0.11621
7 0.98068 0.5999 0.02232 0.08053
7 0.25259 0.4103 0.02504 0.08869
0 0.33451 0.14016 0.03865 0.11111
0 0.37915 0.28389 0.02776 0.08257
0 0.4521 0.71509 0.02994 0.08665
7 0.61241 0.56779 0.02286 0.06116
7 0.65787 0.58002 0.01034 0.10601
7 0.37561 0.57798 0.03375 0.14271