2 0.28882 0.18603 0.00764 0.02768
2 0.29559 0.15787 0.00973 0.02671
2 0.3648 0.16318 0.00816 0.03219
2 0.43374 0.18732 0.01407 0.03927
2 0.52978 0.1561 0.0092 0.03412
7 0.7269 0.07483 0.01059 0.01255
2 0.13998 0.28886 0.01216 0.02929
2 0.17063 0.28758 0.00955 0.03058
2 0.12791 0.31397 0.0092 0.03315
2 0.32885 0.28709 0.01059 0.03669
2 0.53821 0.31526 0.00973 0.03959
2 0.55297 0.313 0.01111 0.05117
2 0.71839 0.24815 0.01198 0.03412
7 0.56886 0.42308 0.01025 0.02414
2 0.60212 0.44979 0.01111 0.03508
2 0.6458 0.37255 0.00782 0.02671
3 0.62912 0.44979 0.0092 0.03315
3 0.62695 0.48117 0.0059 0.03669
7 0.76294 0.36353 0.00868 0.02864
5 0.92897 0.48503 0.07919 0.0412
2 0.1966 0.54409 0.00868 0.03058
7 0.27119 0.50483 0.01094 0.01448
2 0.53482 0.57499 0.01059 0.04216
2 0.52423 0.63405 0.01268 0.02768
3 0.61636 0.61555 0.01633 0.03573
3 0.95867 0.57773 0.0198 0.04377
2 0.61758 0.76537 0.00834 0.03862
2 0.07268 0.83795 0.01268 0.04924
2 0.09317 0.841 0.01198 0.04828
2 0.15327 0.83553 0.01824 0.03219
2 0.94677 0.88977 0.01546 0.03122
2 0.936 0.83199 0.01407 0.03025
3 0.44052 0.49646 0.01962 0.04023
3 0.48176 0.48696 0.01459 0.05536
2 0.46292 0.83328 0.02518 0.02961
7 0.80575 0.21838 0.01198 0.03315
2 0.79654 0.24992 0.01407 0.03766
3 0.70545 0.74059 0.01598 0.03412
2 0.68748 0.72771 0.01025 0.04635
2 0.88512 0.23447 0.01441 0.03315