7 0.60348 0.24677 0.0139 0.04596
7 0.13206 0.12701 0.00938 0.02675
7 0.10599 0.11237 0.00799 0.01952
7 0.11164 0.16808 0.01407 0.017
3 0.34318 0.82845 0.03058 0.11017
7 0.50087 0.87032 0.03736 0.06547
5 0.12129 0.30799 0.07611 0.02298
5 0.12059 0.33396 0.07611 0.01952
5 0.85673 0.27951 0.01268 0.12339
5 0.82737 0.22206 0.0808 0.0255
5 0.84136 0.88244 0.01008 0.08719
5 0.11425 0.87803 0.07281 0.0085
3 0.22493 0.5598 0.01199 0.07145
5 0.63623 0.12811 0.01268 0.12087
3 0.75812 0.88527 0.01738 0.05445
3 0.74579 0.60277 0.00869 0.05099