8 0.07608 0.25016 0.0766 0.1449
8 0.07539 0.40058 0.0766 0.1488
8 0.15234 0.40302 0.07868 0.15367
8 0.46395 0.26754 0.0766 0.15497
8 0.54463 0.12183 0.0792 0.1514
8 0.62331 0.12297 0.0792 0.14652
8 0.70156 0.12687 0.07868 0.15172
8 0.86066 0.12801 0.07799 0.13905
8 0.93995 0.13629 0.07539 0.14522
8 0.85763 0.27697 0.0799 0.15367
8 0.85563 0.42755 0.07868 0.1527
8 0.93492 0.4295 0.07608 0.1462
8 0.45737 0.70858 0.07799 0.1475
8 0.53761 0.71118 0.0773 0.1475
8 0.61482 0.71556 0.07851 0.14847
0 0.29801 0.63759 0.0234 0.03671
6 0.36586 0.84503 0.05269 0.1527
7 0.76898 0.6769 0.01421 0.03541
7 0.88614 0.69932 0.01872 0.03606
7 0.18899 0.2422 0.01924 0.02762
0 0.64783 0.85754 0.00797 0.09259
3 0.71473 0.83382 0.01802 0.03671
7 0.81135 0.84698 0.01092 0.02469
3 0.62374 0.82943 0.01317 0.03249
3 0.61127 0.86777 0.01317 0.03119
6 0.9136 0.70809 0.02478 0.08739
2 0.88882 0.904 0.01057 0.03866
7 0.89029 0.85071 0.01594 0.02567
0 0.95945 0.89701 0.01317 0.05458
8 0.62149 0.27534 0.07799 0.15172
8 0.70043 0.27615 0.07886 0.1501
8 0.77894 0.27891 0.07886 0.14977
7 0.58631 0.36225 0.01837 0.03834
7 0.79055 0.31774 0.0182 0.03249