3 0.44156 0.85146 0.02935 0.08658
3 0.17167 0.92823 0.00816 0.01738
2 0.54568 0.24606 0.00938 0.02221
2 0.22586 0.07322 0.01337 0.00869
2 0.28291 0.0721 0.0059 0.01609
2 0.68739 0.22498 0.03473 0.01738
10 0.45953 0.50113 0.23237 0.28967
10 0.61384 0.57467 0.07624 0.14001
10 0.69234 0.64902 0.07555 0.28355
10 0.46162 0.72015 0.23376 0.13357
10 0.74774 0.58159 0.02067 0.14355
10 0.82659 0.57596 0.02067 0.13228
10 0.80957 0.70711 0.05089 0.09527
10 0.25452 0.57902 0.02136 0.14355
10 0.33406 0.71822 0.02136 0.12005