8 0.45667 0.85737 0.08076 0.1501
8 0.61092 0.8655 0.0773 0.1436
8 0.53466 0.8642 0.08076 0.1514
8 0.6136 0.72238 0.07608 0.14977
8 0.69029 0.72368 0.07868 0.14003
8 0.92366 0.87492 0.0747 0.1423
8 0.77695 0.13629 0.07868 0.14782
8 0.85624 0.13304 0.08128 0.14652
8 0.54073 0.12687 0.07799 0.14652
8 0.61872 0.12995 0.07799 0.14555
8 0.22773 0.12248 0.08007 0.14555
8 0.22565 0.56059 0.0773 0.14847
8 0.30364 0.27193 0.07868 0.1514
8 0.07374 0.26511 0.07608 0.1501
8 0.1487 0.26576 0.0766 0.1462
8 0.22738 0.26998 0.07799 0.1475
8 0.14697 0.70435 0.07868 0.1488
8 0.07201 0.8473 0.074 0.1423
8 0.7688 0.72287 0.07452 0.1462
8 0.84861 0.72742 0.0792 0.1475
8 0.5383 0.27697 0.08146 0.14847
0 0.40953 0.19509 0.03085 0.03606
1 0.43276 0.06417 0.0208 0.02891
7 0.57678 0.08008 0.01282 0.03541
0 0.63977 0.07911 0.01889 0.03736
7 0.68319 0.16326 0.02149 0.0757
3 0.67608 0.06823 0.01698 0.02664
3 0.87149 0.09324 0.01438 0.05003
2 0.90442 0.14896 0.01334 0.04581
7 0.86127 0.06709 0.02652 0.02047
5 0.88804 0.24724 0.01317 0.05848
5 0.88198 0.2102 0.01872 0.01689
5 0.81075 0.30686 0.00832 0.06335
5 0.74064 0.29597 0.01057 0.07537
5 0.7279 0.23977 0.01872 0.03379
0 0.72262 0.20809 0.01369 0.02112
7 0.5617 0.28947 0.01802 0.02469
7 0.55182 0.26901 0.01317 0.01624
7 0.56742 0.26381 0.01733 0.02989
7 0.51915 0.26088 0.01508 0.02404
0 0.51499 0.29094 0.02028 0.03476
0 0.37227 0.3153 0.03466 0.03801
2 0.08761 0.2755 0.01612 0.04288
7 0.11638 0.34958 0.02409 0.03314
3 0.66932 0.47498 0.02218 0.03119
3 0.69289 0.4576 0.01802 0.05296
0 0.83094 0.41894 0.01924 0.04451
7 0.89766 0.3231 0.01404 0.02112
7 0.86594 0.36274 0.01473 0.02956
7 0.96205 0.37865 0.01456 0.02632
2 0.82175 0.54207 0.01127 0.05101
2 0.82227 0.58934 0.01542 0.04224
2 0.59263 0.63743 0.01369 0.02404
3 0.5565 0.56157 0.02565 0.0627
3 0.43137 0.53249 0.02184 0.04029
0 0.49714 0.53996 0.01473 0.05068
7 0.42738 0.68194 0.01317 0.03249
0 0.40858 0.64799 0.01993 0.02827
0 0.34853 0.65838 0.02114 0.0614
0 0.96265 0.57456 0.00988 0.04776
3 0.92946 0.51348 0.01144 0.02762
7 0.95321 0.66813 0.0149 0.02891
7 0.83042 0.91358 0.02028 0.02664
7 0.88934 0.91602 0.02374 0.03736
7 0.56291 0.68096 0.01802 0.03899
7 0.40442 0.77859 0.01404 0.02956
6 0.36282 0.8603 0.04211 0.15205
0 0.20529 0.78687 0.01889 0.02339