7 0.0724 0.13812 0.08057 0.14985
7 0.23299 0.1371 0.07839 0.14373
7 0.41453 0.13609 0.04192 0.14985
7 0.49565 0.1371 0.03974 0.14169
7 0.87752 0.13354 0.07948 0.14067
7 0.71475 0.28084 0.08165 0.14373
7 0.47441 0.28491 0.08002 0.14577
7 0.9834 0.2472 0.0147 0.02345
7 0.57186 0.28186 0.01796 0.0316
7 0.31328 0.28491 0.07784 0.14169
7 0.15433 0.28542 0.08002 0.14067
7 0.07267 0.4317 0.07893 0.14373
7 0.23381 0.43425 0.07893 0.13456
7 0.55416 0.4368 0.01306 0.02345
7 0.80457 0.58716 0.02286 0.04485
7 0.71693 0.57441 0.08274 0.13965
7 0.47333 0.58359 0.08111 0.13965
7 0.58274 0.55352 0.01143 0.0265
7 0.31437 0.57849 0.08438 0.14373
7 0.14045 0.58104 0.01089 0.02243
7 0.20523 0.64781 0.08274 0.00306
7 0.07349 0.58104 0.07403 0.1366
7 0.15269 0.72273 0.07458 0.14271
7 0.23408 0.72324 0.07948 0.14169
7 0.55553 0.7263 0.07676 0.14373
7 0.71611 0.72783 0.08438 0.14475
7 0.87942 0.72273 0.07567 0.14067
7 0.8797 0.86901 0.08274 0.14373
7 0.4755 0.87105 0.08111 0.14781
7 0.31655 0.87156 0.07784 0.14067
7 0.15406 0.87054 0.08057 0.14271
7 0.07485 0.86799 0.06042 0.03364