6 0.18137 0.50642 0.01253 0.01701
3 0.12015 0.08567 0.00559 0.00836
3 0.19627 0.08791 0.00508 0.01522
2 0.26977 0.17418 0.00711 0.01463
3 0.34869 0.09239 0.00508 0.00925
2 0.93133 0.12493 0.01169 0.0403
2 0.51981 0.14313 0.00728 0.0194
2 0.49069 0.20194 0.00593 0.01343
2 0.38188 0.2003 0.00474 0.01851
0 0.62168 0.11582 0.00474 0.00657
0 0.62523 0.1503 0.00373 0.01045
0 0.65995 0.11687 0.00203 0.01224
0 0.65851 0.20493 0.0022 0.01045
0 0.58069 0.20657 0.00271 0.01672
0 0.50737 0.20493 0.00203 0.01104
2 0.89043 0.10925 0.00373 0.01015
2 0.05385 0.32687 0.00508 0.0197
2 0.12862 0.32761 0.00559 0.01881
2 0.16003 0.32985 0.00711 0.01672
3 0.43141 0.29567 0.00559 0.01522
3 0.43345 0.27149 0.00593 0.01343
2 0.50144 0.25746 0.00644 0.02537
2 0.54496 0.25851 0.00711 0.02746
2 0.5779 0.2597 0.00898 0.02209
2 0.73235 0.26045 0.0083 0.01881
2 0.65284 0.2606 0.00881 0.02985
2 0.69907 0.26448 0.01253 0.02866
2 0.92896 0.40358 0.00762 0.02806
2 0.96207 0.40627 0.00711 0.02985
2 0.65258 0.39373 0.00627 0.02448
2 0.61998 0.39552 0.01287 0.02806
2 0.69754 0.39731 0.01084 0.0209
2 0.72879 0.39821 0.00762 0.02448
2 0.69619 0.47149 0.01016 0.01343
2 0.57561 0.4 0.0061 0.03701
2 0.49958 0.39328 0.00677 0.0206
2 0.42235 0.38881 0.00677 0.02
2 0.39111 0.38567 0.01033 0.01552
2 0.34716 0.3894 0.01219 0.02299
2 0.26977 0.38493 0.00644 0.02358
2 0.08899 0.37463 0.00864 0.01791
2 0.11973 0.37657 0.00644 0.02358
2 0.19373 0.37806 0.00948 0.02239
2 0.88611 0.40104 0.01033 0.02358
2 0.80618 0.39672 0.00796 0.02209
2 0.19001 0.60164 0.00982 0.0194
2 0.63582 0.61687 0.0083 0.02358
2 0.65766 0.61955 0.00627 0.01522
2 0.73489 0.61925 0.00694 0.01881
2 0.89069 0.62418 0.0083 0.0203
0 0.88561 0.62149 0.00186 0.00776
0 0.13641 0.84134 0.00728 0.01642
6 0.3674 0.82493 0.02659 0.11373
6 0.4729 0.80284 0.00864 0.01582
6 0.50914 0.79239 0.00457 0.01761
6 0.55724 0.83299 0.00864 0.01522
6 0.55436 0.85552 0.00796 0.01851
6 0.5652 0.84925 0.00423 0.01731
0 0.56876 0.89925 0.00423 0.00687
0 0.50483 0.82448 0.00745 0.0209
0 0.58501 0.79776 0.00864 0.02239
0 0.58019 0.82925 0.00542 0.01791
0 0.65995 0.8006 0.00644 0.01672
0 0.65453 0.83806 0.00508 0.01403
0 0.76173 0.90642 0.0061 0.01224
0 0.77358 0.90791 0.0061 0.01642
0 0.81761 0.86418 0.0061 0.0203
0 0.63793 0.69149 0.01389 0.01821
0 0.71338 0.69731 0.01033 0.02209
0 0.86681 0.69985 0.00864 0.02179
8 0.08899 0.28776 0.07367 0.12955
8 0.08908 0.14507 0.07214 0.12716
8 0.08942 0.41433 0.06706 0.13373
8 0.16266 0.28448 0.07671 0.12836
8 0.16046 0.42537 0.07231 0.12716
8 0.23556 0.42343 0.07519 0.13343
8 0.31431 0.42791 0.07214 0.12985
8 0.38975 0.4306 0.07434 0.12448
8 0.92837 0.45 0.07214 0.12985
8 0.92549 0.58239 0.06638 0.12478
8 0.92032 0.72194 0.07671 0.13104
8 0.92218 0.84642 0.07299 0.12328
8 0.8497 0.43896 0.07807 0.12567
8 0.61702 0.57254 0.07807 0.14149
8 0.85258 0.16776 0.07807 0.14388
8 0.08171 0.82045 0.07502 0.13104
8 0.15749 0.81343 0.07655 0.12716
8 0.23446 0.81925 0.0757 0.12567
8 0.30914 0.82701 0.07807 0.12567
8 0.84378 0.85313 0.07367 0.14149
8 0.38764 0.56687 0.07587 0.1403
8 0.08831 0.55448 0.07367 0.13642
8 0.76757 0.57537 0.06994 0.13104
8 0.84598 0.57522 0.07062 0.14149
8 0.53599 0.8394 0.07655 0.13493
8 0.6928 0.57343 0.07655 0.12716
8 0.77189 0.4391 0.07587 0.13373
8 0.68688 0.83821 0.07519 0.1194
8 0.76723 0.84582 0.07807 0.12985
8 0.46494 0.43448 0.0818 0.14537
8 0.53963 0.56224 0.06486 0.13104
8 0.6177 0.43448 0.07062 0.12985
8 0.16342 0.14761 0.07079 0.13761
0 0.42125 0.87373 0.0039 0.00896
2 0.5243 0.9 0.00305 0.00597
2 0.53531 0.90104 0.00373 0.00567
2 0.54361 0.90179 0.00474 0.00716