8 0.76342 0.71593 0.08045 0.13126
8 0.76169 0.85395 0.07385 0.1322
8 0.84414 0.71042 0.0695 0.13912
8 0.84231 0.85127 0.07176 0.13503
8 0.21903 0.68288 0.07315 0.13629
5 0.57376 0.11788 0.01911 0.12055
5 0.81268 0.29525 0.01043 0.09128
5 0.73675 0.29619 0.00799 0.09128
5 0.33823 0.5628 0.01512 0.10198
5 0.17958 0.36339 0.01964 0.08278
5 0.10252 0.37126 0.01494 0.09663
5 0.1106 0.28171 0.01512 0.07869
5 0.18532 0.08058 0.01964 0.08813
5 0.26351 0.10324 0.01964 0.11646
5 0.48888 0.856 0.01616 0.07775
5 0.2609 0.83868 0.0179 0.11426
5 0.41147 0.85489 0.01564 0.10072
5 0.81086 0.5853 0.00921 0.09852
5 0.81182 0.42949 0.01564 0.12055
5 0.89053 0.31036 0.00973 0.07554
4 0.95109 0.78628 0.02033 0.04218
5 0.10947 0.57696 0.02676 0.08373
5 0.10634 0.86229 0.01911 0.08593
5 0.41877 0.29887 0.02189 0.07775
5 0.34752 0.29855 0.0278 0.0683
5 0.49496 0.10167 0.0179 0.06925
5 0.42945 0.17517 0.02033 0.04627
5 0.73884 0.10859 0.01564 0.0661
2 0.43527 0.07019 0.01807 0.03148
8 0.52841 0.70082 0.2384 0.14322
8 0.60704 0.85049 0.23162 0.14164
8 0.9232 0.72269 0.07437 0.14857