5 0.12007 0.81522 0.03489 0.13433
5 0.11626 0.40791 0.02117 0.13284
5 0.12049 0.13343 0.02489 0.13612
5 0.1182 0.2691 0.02303 0.14
5 0.1188 0.54403 0.02354 0.13104
5 0.19577 0.13642 0.02777 0.13493
5 0.19763 0.27373 0.03353 0.14269
5 0.1939 0.41552 0.02676 0.1409
5 0.19644 0.54716 0.01964 0.1409
5 0.19458 0.82224 0.0254 0.13522
5 0.2746 0.1409 0.02727 0.13433
5 0.26723 0.41254 0.02405 0.13493
5 0.27146 0.82015 0.02405 0.13104
5 0.34793 0.82552 0.01981 0.12866
5 0.42413 0.82925 0.02456 0.13433
5 0.35004 0.14433 0.02506 0.13104
5 0.34699 0.42119 0.02337 0.13612
5 0.42015 0.42075 0.01355 0.14
5 0.43167 0.28194 0.01897 0.14776
5 0.42413 0.14478 0.01778 0.13851
5 0.42837 0.55627 0.0188 0.13761
5 0.65436 0.84493 0.01931 0.13761
5 0.50576 0.28403 0.0232 0.13701
5 0.58459 0.29224 0.01693 0.13194
5 0.57942 0.5691 0.02354 0.14179
5 0.74208 0.29104 0.02066 0.15104
5 0.65936 0.15299 0.02083 0.13522
5 0.73743 0.15015 0.02456 0.12776
5 0.65843 0.56881 0.01693 0.14119
5 0.89831 0.16552 0.0293 0.13522
8 0.93218 0.23418 0.0801 0.27433
5 0.80847 0.84701 0.02269 0.14
5 0.88891 0.84701 0.02269 0.13821
6 0.38561 0.53821 0.07621 0.08776
4 0.37782 0.53104 0.06266 0.05373
6 0.46765 0.12343 0.07841 0.09284
4 0.4674 0.1297 0.07993 0.11015
6 0.54581 0.15045 0.07858 0.14507
4 0.54522 0.15254 0.0757 0.11104
6 0.46342 0.39209 0.07942 0.07791
4 0.46461 0.39507 0.07909 0.09224
6 0.85182 0.43612 0.07621 0.14269
6 0.93141 0.40672 0.07858 0.08209
6 0.84894 0.57418 0.08196 0.14179
4 0.86351 0.57343 0.05453 0.11701
4 0.92989 0.4503 0.07993 0.10955