0 0.2966 0.90511 0.05657 0.05242
0 0.061 0.53301 0.05852 0.09721
0 0.12892 0.58593 0.04433 0.07034
5 0.26769 0.25614 0.03281 0.15594
1 0.15606 0.19808 0.0266 0.03185
0 0.51729 0.41191 0.03547 0.08925
8 0.05896 0.10816 0.07359 0.13537
8 0.93846 0.10501 0.07696 0.14167
8 0.93474 0.55541 0.07377 0.15461
5 0.90229 0.27605 0.02802 0.09821
0 0.20154 0.83494 0.05054 0.10849
7 0.90779 0.75315 0.02518 0.06238
5 0.81947 0.55657 0.02731 0.14433
3 0.55613 0.57316 0.04504 0.11115
0 0.64214 0.08825 0.07093 0.11878
5 0.33419 0.11961 0.04026 0.16357
0 0.8498 0.40859 0.06881 0.11845
7 0.08521 0.79662 0.0172 0.0292
2 0.89714 0.87525 0.01738 0.03981
2 0.87799 0.89764 0.00993 0.03086
7 0.82577 0.21699 0.01578 0.0491
7 0.2801 0.7296 0.01614 0.03119
7 0.39768 0.7505 0.01011 0.03251
7 0.34155 0.7573 0.01667 0.03882
3 0.12795 0.0569 0.01968 0.03019
0 0.14054 0.11612 0.06402 0.10086
0 0.64719 0.39665 0.13885 0.13636
0 0.28462 0.83079 0.05817 0.08693