9 0.76265 0.13644 0.08371 0.15527
8 0.10765 0.35993 0.08461 0.3069
8 0.75725 0.58722 0.08155 0.13974
6 0.43258 0.13132 0.08173 0.15097
5 0.71575 0.88718 0.02232 0.14305
5 0.35131 0.3591 0.08083 0.03105
5 0.4333 0.36125 0.08317 0.03931
6 0.54266 0.40948 0.01494 0.0294
5 0.15122 0.80509 0.02808 0.28873
5 0.47453 0.73786 0.01728 0.15428
3 0.58722 0.70003 0.01584 0.04163
3 0.60486 0.83333 0.0072 0.04394
5 0.31287 0.28461 0.03276 0.15296
5 0.63348 0.73538 0.02196 0.15395
8 0.76103 0.29088 0.25005 0.14965
8 0.76256 0.13347 0.25311 0.14205