4 0.29454 0.66922 0.022 0.035
1 0.16797 0.29375 0.014 0.02277
3 0.27065 0.90775 0.0234 0.13354
3 0.27465 0.60635 0.0154 0.09072
8 0.41722 0.76385 0.71926 0.14067
3 0.92981 0.76453 0.03399 0.06456
3 0.81984 0.63014 0.0232 0.07713
0 0.19156 0.491 0.05199 0.06796
0 0.65787 0.11995 0.04199 0.10533
0 0.64417 0.1964 0.07059 0.04281
0 0.44261 0.89636 0.03259 0.08155
5 0.24465 0.14475 0.0166 0.14611
5 0.15467 0.14033 0.0194 0.15291
5 0.91822 0.07017 0.09198 0.01937
5 0.86183 0.13761 0.022 0.1563
3 0.53689 0.47435 0.03479 0.07136
3 0.70086 0.50221 0.0212 0.07
8 0.09828 0.13744 0.09458 0.15868
5 0.10398 0.96874 0.08478 0.03398
5 0.33563 0.13286 0.0186 0.12912
5 0.95381 0.28814 0.0128 0.13388
5 0.85613 0.92236 0.0134 0.15189
5 0.78844 0.45685 0.022 0.15392
5 0.85153 0.40027 0.03739 0.05233
5 0.42132 0.14203 0.014 0.11757
5 0.10158 0.5175 0.08798 0.02175