8 0.22894 0.55442 0.07244 0.14847
8 0.93241 0.43161 0.07244 0.14847
8 0.22652 0.84519 0.07244 0.14847
8 0.14645 0.84812 0.07244 0.14847
8 0.77192 0.72303 0.07244 0.14847
8 0.85026 0.72141 0.07244 0.14847
8 0.92617 0.72953 0.07244 0.14847
8 0.92305 0.87638 0.07244 0.14847
8 0.84489 0.86696 0.07244 0.14847
8 0.68804 0.86631 0.07244 0.14847
8 0.68977 0.71979 0.07244 0.14847
8 0.07695 0.11095 0.07244 0.14847
8 0.15061 0.10867 0.07244 0.14847
8 0.22894 0.11225 0.07244 0.14847
8 0.30589 0.12135 0.07244 0.14847
8 0.38562 0.11972 0.07244 0.14847
8 0.54159 0.1207 0.07244 0.14847
8 0.61993 0.12459 0.07244 0.14847
8 0.70243 0.13012 0.07244 0.14847
8 0.85858 0.27794 0.07244 0.14847
8 0.85979 0.12719 0.07244 0.14847
8 0.77903 0.12687 0.07244 0.14847
8 0.93518 0.12687 0.07244 0.14847
8 0.77504 0.41959 0.07244 0.14847
8 0.77383 0.57164 0.07244 0.14847
8 0.77348 0.57099 0.07244 0.14847
8 0.07556 0.55279 0.07244 0.14847
6 0.3578 0.8512 0.0338 0.1345
0 0.69809 0.27697 0.03709 0.0835
2 0.60087 0.56417 0.04298 0.12898