8 0.45363 0.10119 0.0798 0.1493
8 0.2128 0.251 0.08264 0.14831
8 0.29562 0.25415 0.08193 0.15461
8 0.37542 0.25547 0.07909 0.15196
8 0.45558 0.25033 0.07696 0.15163
8 0.77611 0.4061 0.08246 0.15196
8 0.61483 0.4061 0.07909 0.1493
8 0.37613 0.40594 0.08335 0.15428
8 0.13744 0.40212 0.08193 0.15196
8 0.05622 0.55275 0.07377 0.14665
8 0.13637 0.55591 0.07696 0.14035
8 0.2152 0.5501 0.08601 0.1493
8 0.37471 0.55275 0.07909 0.14399
8 0.45389 0.55408 0.07501 0.14665
8 0.53272 0.55657 0.07838 0.15163
8 0.61553 0.55591 0.08051 0.14565
8 0.69596 0.55723 0.07501 0.14565
0 0.72229 0.52853 0.0117 0.0219
8 0.77381 0.5564 0.08317 0.15727
8 0.85432 0.55408 0.08317 0.15196
8 0.93332 0.56238 0.08051 0.15594
8 0.1385 0.70587 0.0798 0.14433
8 0.06003 0.84638 0.07714 0.14665
8 0.13841 0.85319 0.07856 0.143
8 0.21928 0.85319 0.07643 0.143
8 0.29739 0.85202 0.07838 0.14532
4 0.46338 0.82332 0.0532 0.09323
8 0.85254 0.86098 0.08246 0.15594
8 0.93439 0.70853 0.07696 0.14433