7 0.62139 0.2528 0.01688 0.03874
7 0.89929 0.60041 0.0098 0.02446
7 0.6644 0.42864 0.02014 0.0316
7 0.6252 0.40724 0.01252 0.02956
7 0.86173 0.39704 0.0098 0.02141
7 0.79151 0.45311 0.01306 0.02956
7 0.2055 0.16361 0.00817 0.01529
7 0.54845 0.11978 0.01252 0.0316
7 0.66712 0.14577 0.01905 0.04077
7 0.45917 0.86137 0.0245 0.05505
7 0.68944 0.59174 0.01252 0.02956
7 0.85357 0.5897 0.01524 0.03364
7 0.91236 0.17635 0.01415 0.03058
7 0.49673 0.83333 0.00925 0.0316
7 0.77708 0.75178 0.0245 0.04383
7 0.98394 0.28338 0.01252 0.03466
7 0.41807 0.27982 0.00762 0.01733
7 0.72237 0.84302 0.0098 0.02854
7 0.50354 0.60907 0.01851 0.02345
7 0.29341 0.44648 0.01415 0.02039
0 0.30022 0.86748 0.03321 0.07951
0 0.53511 0.93119 0.03811 0.03568
0 0.6184 0.72732 0.01742 0.11519
0 0.65079 0.25994 0.02232 0.06728
0 0.77191 0.2844 0.03266 0.13863
7 0.94366 0.8527 0.00925 0.01733
7 0.85166 0.8634 0.0245 0.05097
7 0.25014 0.68502 0.02232 0.03262
0 0.98258 0.42762 0.03266 0.14169
0 0.52967 0.55556 0.02722 0.08155
7 0.7319 0.90724 0.02667 0.03466
7 0.90746 0.13456 0.02722 0.03058
2 0.29614 0.58257 0.01851 0.1315
2 0.21584 0.72732 0.01796 0.13354
2 0.21802 0.43272 0.01579 0.13354
2 0.17311 0.57441 0.01089 0.13558
2 0.0988 0.72885 0.01252 0.12844
2 0.17039 0.28746 0.01633 0.14067
2 0.82036 0.58206 0.01415 0.14271
2 0.33723 0.13863 0.01688 0.14067
2 0.49918 0.14016 0.01524 0.14169
2 0.09771 0.4419 0.01252 0.11519
2 0.41943 0.72834 0.01143 0.12946
2 0.45781 0.43119 0.01415 0.1366
2 0.33533 0.4368 0.02069 0.13558
2 0.05117 0.88022 0.01198 0.12538
2 0.09499 0.1315 0.0147 0.15494
2 0.04927 0.28338 0.01361 0.14067
2 0.42052 0.13761 0.01361 0.1366
7 0.04573 0.48165 0.01633 0.02345
2 0.85656 0.1371 0.01579 0.13558
2 0.73979 0.58104 0.01851 0.13252
2 0.69407 0.72579 0.01306 0.14475
7 0.60316 0.23394 0.01524 0.04383