4 0.67753 0.37375 0.0627 0.04003
2 0.1605 0.09353 0.02341 0.04003
2 0.07524 0.15666 0.07356 0.09854
2 0.07607 0.3776 0.0652 0.07852
2 0.07774 0.61855 0.02006 0.03695
2 0.21484 0.33911 0.02006 0.04157
2 0.36656 0.09584 0.01588 0.03849
2 0.35026 0.23056 0.01839 0.05235
2 0.62194 0.2067 0.01839 0.04157
2 0.82006 0.2067 0.01505 0.02925
2 0.83971 0.3699 0.02257 0.04773
4 0.93166 0.20054 0.0326 0.06928
2 0.81755 0.62317 0.01505 0.03695
2 0.75528 0.898 0.01923 0.05389
2 0.721 0.83333 0.01588 0.03541
2 0.59812 0.8264 0.02591 0.04619
2 0.57806 0.79099 0.01254 0.03079
2 0.57764 0.87336 0.00836 0.03849
2 0.39122 0.84411 0.01839 0.04465
2 0.62278 0.57236 0.0117 0.05851
2 0.61066 0.46074 0.01755 0.11239
2 0.58516 0.4438 0.0117 0.04465
2 0.53626 0.4746 0.01421 0.05081
2 0.53626 0.57005 0.01254 0.04465
7 0.50115 0.78176 0.01254 0.02771
2 0.35444 0.40993 0.01338 0.05081
2 0.45183 0.47998 0.05434 0.04619
2 0.42173 0.42225 0.01087 0.04157
2 0.53542 0.29985 0.01588 0.06159
2 0.21693 0.17436 0.05099 0.09392
2 0.293 0.10123 0.01755 0.05851
2 0.44639 0.17129 0.0535 0.09392
2 0.53292 0.17436 0.0209 0.10316
2 0.64368 0.14665 0.01672 0.04465
2 0.85559 0.14665 0.01254 0.03849
2 0.91536 0.10431 0.01839 0.04619
2 0.30345 0.34988 0.02842 0.06313
2 0.37827 0.34604 0.0209 0.05543
2 0.45141 0.34681 0.03845 0.03849
2 0.57388 0.34988 0.0092 0.03233
2 0.70094 0.23364 0.04765 0.02463
2 0.8953 0.2398 0.02006 0.04311
2 0.14336 0.46921 0.04932 0.05851
10 0.45016 0.57236 0.07273 0.14781
2 0.6558 0.6963 0.02257 0.04773
2 0.89781 0.79715 0.05016 0.04311
2 0.2838 0.77791 0.01588 0.03233
2 0.04932 0.88337 0.01338 0.04311